Sizes
1 19 
19 15 
15 47 
47 14 
14 4 
4 41 
41 30 
30 32 
32 16 
16 5 
0 0 

 Matrices:
M1 (1 x 19)
0 1 0 1 1 0 1 1 1 1 0 1 0 1 0 0 0 1 1 
M2 (19 x 15)
0 1 1 1 1 1 0 0 0 1 1 0 1 1 0 
1 0 1 0 1 0 1 1 1 1 0 0 1 1 1 
0 1 0 0 0 0 1 1 0 1 0 1 0 0 0 
0 1 1 1 1 0 0 0 0 1 1 0 1 0 1 
0 0 1 1 0 1 1 1 0 1 1 1 0 1 1 
1 1 0 0 1 1 0 1 1 0 0 0 1 0 0 
0 0 0 1 1 1 1 0 0 1 1 1 0 0 0 
1 1 0 1 1 1 0 1 0 1 0 0 1 1 0 
1 1 1 0 1 0 1 0 1 1 1 0 1 0 0 
1 1 1 1 1 0 0 1 0 0 1 0 1 0 1 
1 0 0 0 0 1 1 1 1 0 0 1 0 1 1 
1 1 0 0 0 1 1 1 1 1 1 0 1 0 0 
0 0 0 0 0 0 0 1 1 1 1 0 0 0 1 
1 1 0 0 1 1 1 0 0 0 1 1 0 0 0 
1 0 0 1 1 0 0 1 0 1 0 1 1 1 1 
1 0 0 1 0 0 0 0 0 0 0 0 0 1 0 
0 0 1 0 1 0 0 1 1 0 1 1 0 0 0 
1 1 1 0 1 1 0 1 1 0 0 0 0 0 1 
1 0 1 0 0 0 0 0 0 1 1 1 0 1 1 
M3 (15 x 47)
1 0 1 0 0 0 1 0 1 1 1 1 1 1 1 0 0 1 1 0 1 1 0 0 1 1 1 0 0 0 0 1 0 1 1 1 1 0 1 0 1 0 0 0 0 1 0 
0 1 1 1 0 1 1 0 0 1 1 1 1 1 1 0 0 0 1 1 1 1 0 1 1 1 1 1 1 1 0 1 0 1 0 0 0 0 1 1 1 0 0 0 0 1 0 
0 1 1 1 0 0 1 1 1 0 1 1 1 0 1 1 0 0 1 0 1 1 1 0 0 0 0 0 0 1 0 0 0 1 1 0 0 0 1 1 1 0 0 0 0 1 1 
0 0 1 1 1 0 0 1 1 0 1 1 0 0 0 0 0 1 1 0 1 0 1 1 1 0 1 1 0 1 1 1 1 0 0 0 0 0 1 1 1 0 1 1 0 1 0 
0 0 1 0 0 1 1 1 0 1 0 0 0 1 1 1 0 1 1 0 1 1 1 1 0 1 0 0 1 1 0 1 1 1 1 1 1 1 0 1 0 1 1 0 0 0 1 
1 1 0 1 1 0 1 0 0 0 0 0 0 1 0 1 0 0 1 0 1 0 0 0 0 1 0 1 0 0 0 1 0 1 0 1 1 1 1 1 0 1 0 0 0 0 1 
0 0 0 0 1 0 1 0 1 0 0 0 0 0 0 1 0 1 0 1 0 1 0 0 1 1 0 1 1 0 1 0 1 1 0 0 0 1 0 1 0 0 1 0 1 1 0 
1 1 0 1 1 1 1 1 1 1 1 0 0 0 1 0 1 1 1 1 1 0 0 0 0 0 1 1 1 0 1 1 1 1 0 1 0 1 0 1 0 0 0 1 0 1 1 
1 0 0 0 1 1 0 1 1 1 0 0 0 1 1 1 0 0 1 1 1 1 0 0 1 0 0 0 0 0 0 1 0 0 1 0 1 0 1 1 1 0 1 1 1 1 1 
1 1 0 1 0 1 1 1 1 1 1 1 1 1 1 0 0 0 1 0 1 1 1 0 0 1 0 0 0 1 1 0 0 1 1 1 1 0 0 0 1 1 1 0 1 1 0 
1 1 1 1 0 1 0 1 1 0 1 1 0 0 0 0 0 0 1 1 1 1 1 1 0 1 0 0 0 1 0 1 0 0 0 1 1 0 0 0 0 1 0 1 1 0 1 
1 0 1 1 1 0 0 0 1 1 1 1 1 0 0 0 1 0 0 0 1 1 0 1 1 1 1 0 0 0 0 1 0 1 0 0 1 1 0 0 0 1 0 0 0 0 0 
1 0 1 1 1 0 1 0 1 0 0 0 0 0 0 1 0 1 0 0 0 1 1 1 1 0 1 1 0 1 0 1 1 1 0 0 1 1 0 0 1 0 0 1 0 0 1 
1 1 1 1 0 0 0 1 1 1 0 1 1 1 1 1 0 0 1 0 1 1 0 1 0 1 0 0 1 0 1 0 0 0 0 0 0 0 1 1 1 1 0 1 0 1 0 
0 1 1 0 0 0 0 0 1 1 0 1 1 0 0 1 0 0 1 0 0 0 1 1 1 0 0 0 0 1 0 0 1 0 0 1 0 1 1 1 0 1 0 1 0 0 1 
M4 (47 x 14)
0 0 0 1 0 0 0 0 0 1 0 0 1 1 
1 0 0 1 0 0 1 1 1 1 0 1 1 1 
1 0 0 1 0 1 0 1 1 1 1 1 0 1 
0 1 0 1 1 1 0 0 1 1 1 0 0 1 
1 0 1 0 0 1 0 0 0 0 1 0 1 0 
1 1 1 1 1 0 0 0 1 0 0 0 0 0 
0 0 1 0 0 0 0 0 0 0 1 0 1 0 
0 0 1 0 0 0 1 1 0 0 1 1 0 0 
1 0 0 0 1 1 0 1 0 0 0 0 1 1 
0 0 1 1 0 0 1 0 1 0 1 1 0 1 
1 1 1 0 1 1 0 0 0 0 0 0 1 0 
0 0 1 1 0 0 0 0 1 1 1 0 1 0 
1 0 1 0 1 0 1 0 1 1 1 0 0 1 
0 1 1 1 1 0 0 1 0 0 1 1 1 0 
1 0 1 1 0 0 1 1 1 0 0 0 0 1 
0 0 0 1 1 1 0 0 1 0 1 1 0 0 
1 1 1 0 1 0 1 0 0 1 1 1 1 1 
0 1 0 0 1 0 1 0 1 1 0 0 1 1 
0 1 0 1 0 1 1 0 1 1 0 1 0 1 
1 1 1 1 1 1 1 0 0 1 1 1 0 1 
0 0 1 0 1 1 1 0 0 0 0 1 1 0 
0 1 1 1 1 0 0 0 0 0 0 0 1 1 
1 1 1 1 1 0 1 1 1 0 1 1 1 1 
0 0 1 0 0 0 0 1 1 0 1 1 0 1 
1 1 1 0 1 0 0 0 0 1 1 1 0 0 
0 1 1 0 1 0 0 1 1 0 0 0 1 1 
1 1 1 0 1 0 0 0 0 0 0 0 0 0 
1 0 0 1 1 0 1 0 0 1 0 1 0 0 
1 1 0 0 0 1 0 1 1 1 1 1 1 0 
1 1 0 0 1 0 1 0 0 0 1 1 1 1 
0 1 1 0 0 1 0 1 0 1 0 1 0 0 
0 1 0 1 1 0 1 0 0 0 1 1 0 0 
0 0 1 0 1 0 0 0 0 1 1 0 0 1 
0 0 1 0 1 1 0 0 1 1 1 0 0 0 
1 0 0 1 0 1 1 0 1 0 0 1 1 1 
0 1 0 0 1 0 0 0 1 0 1 1 0 0 
1 0 0 0 0 0 1 1 1 0 1 0 0 1 
0 1 0 0 0 0 0 1 0 0 0 0 1 1 
1 1 1 0 1 1 0 1 1 1 0 0 1 1 
0 0 0 0 1 0 0 0 1 0 1 1 1 1 
1 0 0 0 1 1 0 0 0 0 1 1 1 0 
1 1 1 0 1 0 0 0 0 1 0 1 1 0 
1 0 1 0 0 0 1 1 1 1 1 0 0 1 
1 1 1 1 0 0 1 1 0 1 0 1 0 0 
0 0 0 1 0 0 0 1 0 1 0 1 0 0 
1 0 1 1 0 0 0 0 0 1 0 1 0 0 
0 1 0 0 1 1 0 1 1 0 0 1 1 1 
M5 (14 x 4)
0 1 1 0 
0 0 1 0 
0 1 0 0 
0 0 1 0 
0 1 1 1 
0 0 0 0 
0 1 0 0 
0 1 1 0 
0 0 0 0 
0 1 0 0 
0 1 1 0 
1 0 1 0 
0 0 1 0 
1 1 0 1 
M6 (4 x 41)
0 0 1 0 1 1 0 1 1 1 0 0 0 0 0 1 1 1 1 1 0 0 1 0 1 0 0 0 1 0 1 1 0 0 1 1 1 1 0 1 0 
0 1 1 1 1 0 0 1 1 1 1 0 0 1 1 0 1 1 1 1 0 0 1 0 1 0 0 1 0 1 1 1 0 0 0 1 0 0 0 0 0 
1 0 0 0 1 1 1 0 0 0 0 1 1 0 0 1 0 1 0 1 1 1 1 1 1 1 0 1 1 0 1 1 0 0 1 1 1 1 1 1 1 
1 0 1 1 1 0 0 0 0 1 1 1 1 1 0 0 1 0 1 1 1 0 1 1 0 0 0 1 1 0 0 0 0 1 1 1 0 1 0 0 1 
M7 (41 x 30)
1 0 0 0 0 0 1 0 1 0 0 0 1 1 0 1 0 1 0 0 1 0 0 1 0 0 1 1 0 1 
0 1 1 0 0 0 0 1 0 0 0 0 0 1 0 0 1 0 1 1 0 0 0 0 1 0 0 0 1 0 
0 0 0 1 0 0 1 1 1 0 1 1 0 1 1 0 1 0 0 0 1 0 0 1 1 0 1 1 0 1 
0 0 1 0 0 1 0 1 0 1 1 1 1 0 0 0 0 1 0 1 1 1 1 0 1 0 0 0 0 0 
1 0 1 0 0 1 0 0 0 0 1 0 0 0 0 0 0 0 0 0 1 1 0 1 1 1 1 1 1 1 
0 1 1 1 1 1 0 1 1 0 0 1 0 0 1 0 0 0 1 0 0 0 0 0 1 1 1 1 1 1 
0 1 0 0 0 1 1 0 1 1 0 1 0 1 1 1 1 1 1 0 0 0 1 0 0 0 1 0 1 0 
1 0 1 1 0 1 0 1 1 1 0 0 0 0 1 1 0 0 1 1 1 1 1 0 1 0 0 0 0 0 
1 1 0 0 0 0 0 0 1 1 0 0 1 0 0 0 0 0 1 1 0 0 0 1 0 1 1 0 1 1 
0 0 0 0 1 0 0 1 1 0 0 1 0 0 1 0 0 1 1 1 0 1 1 0 0 1 1 0 0 1 
1 0 1 0 1 0 0 1 1 1 1 0 0 1 0 0 0 0 1 1 0 0 0 1 0 0 1 0 0 1 
1 0 1 0 0 0 1 0 0 0 0 1 0 0 1 0 0 1 1 0 0 1 0 0 0 0 0 1 0 1 
0 1 1 0 0 1 0 1 1 0 1 1 0 0 0 1 0 0 0 1 0 0 0 0 0 1 1 0 0 1 
1 1 1 0 1 1 1 1 0 1 0 1 0 0 1 0 1 0 1 1 1 1 1 0 0 1 1 1 1 1 
0 1 0 1 1 1 0 1 1 0 0 1 0 0 1 1 1 0 1 0 1 1 1 0 1 1 1 0 0 0 
1 1 1 0 0 1 1 1 0 0 1 0 1 1 0 0 1 1 0 0 1 1 1 1 1 0 0 0 0 1 
1 0 0 0 0 0 1 1 1 1 0 1 1 1 0 0 0 1 1 0 0 1 0 1 0 1 0 0 0 0 
1 1 0 1 1 0 0 1 0 1 0 0 0 0 1 1 0 1 0 1 0 0 0 0 0 0 1 0 1 1 
0 0 0 1 0 0 1 0 1 1 1 1 1 0 1 1 1 1 0 1 1 0 0 1 0 0 0 0 0 1 
1 0 1 0 1 1 0 1 1 1 0 1 0 0 1 0 1 0 1 1 1 0 0 1 0 0 1 0 0 1 
1 0 0 0 0 1 0 0 0 1 1 1 0 1 1 1 1 0 1 1 1 1 1 1 0 1 0 0 1 0 
1 0 0 1 1 0 1 1 0 1 0 1 0 1 1 1 0 0 1 0 1 1 1 1 0 1 0 0 1 0 
1 1 0 1 0 1 0 1 0 0 1 1 0 1 0 1 1 0 1 0 0 1 1 1 0 0 1 0 0 0 
0 1 1 1 1 0 0 1 1 1 1 0 0 1 0 0 0 1 0 0 1 1 1 1 0 1 1 1 1 1 
0 0 1 1 1 0 1 1 1 1 0 0 1 0 0 1 0 0 0 1 0 0 0 1 1 0 0 0 0 0 
1 0 0 0 1 1 0 1 0 1 0 1 0 1 1 0 1 0 0 1 1 1 1 1 0 0 1 1 0 1 
1 0 1 1 0 1 0 1 0 0 0 0 1 0 1 1 0 0 1 1 0 0 0 1 1 0 0 0 1 0 
0 0 0 1 1 1 0 1 0 0 0 0 0 1 1 0 0 1 0 1 0 0 1 0 0 0 1 0 1 0 
0 1 1 1 0 0 0 1 0 0 1 0 0 0 1 1 0 0 1 0 1 1 1 1 0 1 1 1 1 0 
1 1 1 0 0 0 1 0 1 1 0 0 1 1 0 0 0 0 0 1 1 0 1 0 1 1 1 0 0 0 
1 1 1 0 0 0 0 1 0 1 0 1 0 1 0 0 1 0 1 0 0 0 0 1 0 1 0 1 1 0 
1 0 1 0 1 1 0 1 0 1 1 0 0 1 1 0 1 1 0 0 1 0 0 1 1 0 0 1 1 1 
1 0 0 1 1 1 0 1 0 1 0 1 1 0 0 1 0 0 0 1 0 1 1 1 0 1 1 0 0 1 
1 0 1 1 1 0 0 1 0 1 0 0 0 0 1 1 1 1 1 1 0 1 0 0 0 0 1 0 0 1 
1 1 1 0 1 0 1 1 0 1 0 0 1 1 0 0 0 1 0 1 0 0 0 0 0 1 0 1 1 0 
1 0 0 0 0 1 1 1 0 1 0 1 1 0 0 0 0 0 1 0 1 0 1 1 0 1 0 1 1 1 
1 0 1 1 0 0 0 1 1 1 0 0 0 0 0 0 0 0 0 1 1 1 1 0 0 0 1 1 1 0 
0 0 0 0 0 1 0 0 0 1 1 1 1 1 1 1 1 1 0 1 0 1 0 0 1 1 0 0 0 1 
1 0 1 1 0 1 0 0 0 1 0 1 0 1 1 1 1 0 0 1 0 0 0 0 0 1 1 0 1 1 
1 0 0 1 0 0 0 0 1 0 1 1 0 1 0 1 0 1 1 0 0 1 1 0 0 1 1 1 0 1 
1 1 1 1 0 1 1 1 0 0 1 1 1 1 1 0 0 1 1 0 0 0 1 1 0 1 0 0 1 0 
M8 (30 x 32)
1 0 0 0 1 0 0 0 1 0 1 1 1 0 0 0 0 1 0 0 1 0 0 0 1 0 0 1 0 1 0 1 
1 0 0 0 0 0 0 0 0 1 1 1 0 1 0 0 0 0 0 1 0 0 0 1 1 0 0 1 1 0 1 0 
0 1 0 1 1 0 1 1 0 0 0 0 1 0 0 0 0 1 1 0 1 1 1 0 1 0 0 0 0 1 0 1 
0 0 0 1 1 1 0 1 1 0 1 0 1 1 0 1 0 0 0 0 1 1 0 1 1 0 1 0 1 0 1 1 
0 1 0 1 0 0 0 1 1 1 1 0 1 0 1 1 0 1 1 1 1 0 0 0 0 0 0 0 0 1 1 0 
0 0 0 0 0 0 1 1 0 1 1 1 1 1 0 1 0 0 0 1 0 1 0 0 1 0 0 1 0 0 1 0 
0 1 1 0 0 0 0 0 1 1 1 0 0 1 1 1 1 0 0 1 1 0 0 0 1 0 1 1 0 0 1 0 
0 0 1 0 1 1 0 0 0 1 1 1 0 0 0 0 0 0 1 1 1 1 1 0 0 0 1 0 1 0 1 1 
1 0 1 0 1 1 0 1 0 1 0 0 0 0 0 0 1 0 0 0 1 1 0 1 0 1 0 1 1 1 0 0 
1 1 0 0 0 1 1 0 0 0 0 0 0 1 1 1 1 1 1 0 0 1 0 0 0 0 1 0 1 1 0 0 
0 1 0 0 0 1 0 0 1 1 1 0 0 0 1 1 1 1 1 1 0 1 0 1 1 1 1 0 1 1 0 1 
0 0 0 0 0 0 1 1 1 0 1 1 0 1 0 1 0 0 0 0 1 0 1 1 0 0 1 1 0 0 0 0 
0 0 1 0 1 0 0 0 0 1 0 0 0 0 1 0 0 1 1 0 0 0 1 0 1 0 1 1 0 1 1 1 
0 0 1 1 0 1 1 0 1 1 0 1 0 1 0 0 1 1 0 1 1 1 1 0 0 0 1 0 1 1 1 1 
1 1 0 0 0 0 0 1 1 1 1 1 0 1 0 1 0 0 0 1 0 1 0 0 1 1 0 1 0 0 0 0 
1 1 0 1 1 0 1 0 1 0 0 0 1 0 1 1 0 0 0 0 1 0 0 1 0 1 0 0 1 0 0 0 
1 0 1 0 1 0 1 0 0 1 0 1 1 0 0 1 0 1 0 1 1 0 0 1 1 0 0 0 1 0 0 0 
1 0 1 0 0 0 0 1 1 1 0 0 1 1 1 1 0 1 0 1 0 1 1 1 1 1 0 0 1 0 1 0 
0 0 0 1 0 1 0 1 0 0 1 1 1 0 0 1 0 0 1 0 1 0 1 1 1 1 1 0 0 0 1 0 
0 1 1 0 0 1 1 0 0 0 1 1 1 1 1 1 0 0 1 1 0 0 0 1 0 0 1 0 0 0 0 1 
0 0 1 0 1 1 1 1 1 0 1 0 0 0 1 0 0 0 1 0 1 0 1 1 0 0 1 0 1 1 1 1 
1 1 1 1 0 0 0 1 1 1 0 1 1 1 1 1 0 0 1 1 0 0 0 0 1 1 1 0 0 0 1 0 
1 0 1 1 1 1 1 0 1 1 1 0 0 0 0 0 0 1 1 1 0 1 1 1 0 0 1 1 1 0 1 0 
0 0 0 1 1 1 1 0 0 0 1 0 0 1 1 1 0 0 0 0 0 1 1 0 0 0 1 1 0 0 1 1 
0 1 0 0 0 0 0 0 0 1 1 1 0 0 0 1 0 0 1 0 1 1 1 1 1 0 0 0 1 0 1 1 
1 1 1 0 1 0 0 0 1 1 1 0 1 1 1 0 1 0 0 0 1 1 0 1 0 0 1 1 0 0 0 0 
1 0 0 1 0 0 1 1 0 0 1 1 1 0 1 0 1 0 0 0 1 0 1 1 1 0 0 1 0 1 1 0 
1 1 1 1 0 0 0 0 0 0 1 1 0 1 1 1 1 1 0 0 0 1 0 1 0 0 0 0 1 0 0 0 
1 1 1 1 1 0 1 1 0 1 0 0 0 1 0 1 1 0 1 1 1 1 0 1 0 0 0 1 0 0 0 0 
0 1 1 1 1 1 1 1 0 1 0 0 1 0 1 0 0 0 1 1 0 1 1 0 1 1 1 0 1 1 0 1 
M9 (32 x 16)
1 1 1 0 0 0 0 0 1 0 0 0 0 1 0 0 
0 1 1 0 0 0 0 0 1 1 0 1 1 0 0 0 
1 1 0 0 1 0 0 1 0 1 1 0 0 0 0 0 
1 0 0 0 0 0 0 0 0 0 1 1 0 1 1 1 
1 1 1 0 0 0 1 0 1 1 1 1 1 1 0 0 
1 0 0 0 1 0 0 1 0 1 0 0 0 1 0 1 
0 1 0 0 1 1 1 0 0 0 0 1 1 0 0 1 
0 0 1 1 1 1 0 1 0 0 0 0 1 0 0 0 
1 0 0 1 1 1 1 0 1 1 1 1 1 1 0 0 
0 1 1 1 0 0 0 0 0 0 0 0 0 0 0 0 
0 0 1 0 0 0 0 1 0 1 0 1 1 0 1 1 
1 1 0 1 1 0 1 1 1 0 1 1 0 1 1 1 
0 0 1 0 1 1 1 1 0 0 0 1 0 0 0 0 
1 0 1 0 1 1 1 0 1 1 1 1 0 1 0 0 
1 1 0 0 0 0 1 1 0 0 0 0 0 1 0 1 
1 0 1 0 1 0 0 0 1 0 1 0 1 0 0 0 
1 1 1 0 1 0 1 1 0 1 1 0 0 0 1 0 
0 0 0 1 1 1 1 0 1 0 0 0 0 1 0 0 
0 1 0 1 0 1 0 0 0 1 1 1 1 0 1 1 
1 1 0 0 0 1 0 1 0 1 1 0 0 0 0 0 
1 0 1 1 1 1 0 0 0 1 1 0 1 0 1 0 
1 0 0 0 1 1 1 1 0 1 0 0 1 0 0 0 
1 1 0 0 0 0 0 0 1 1 0 0 1 0 1 1 
0 1 1 1 0 0 1 0 1 1 0 0 1 0 1 0 
1 1 1 1 1 1 0 0 1 0 0 0 0 1 1 0 
1 0 0 1 1 1 0 0 0 0 1 1 1 0 0 0 
1 1 0 0 0 0 0 1 0 0 0 1 0 1 1 1 
0 1 0 1 0 0 1 0 1 0 0 0 0 0 0 1 
1 0 1 1 0 1 1 1 0 1 0 0 0 1 1 0 
1 1 1 1 0 1 0 1 1 0 1 0 0 1 1 1 
0 1 0 0 0 1 1 0 0 1 0 1 1 1 1 0 
1 1 1 1 0 1 0 1 1 1 1 1 0 1 0 0 
M10 (16 x 5)
0 1 1 0 0 
0 1 1 0 1 
0 1 1 1 1 
0 0 0 1 0 
0 1 0 1 0 
1 1 0 0 1 
1 0 0 0 1 
1 0 0 0 0 
1 0 1 0 1 
0 0 0 1 1 
0 1 0 0 0 
0 0 1 1 0 
1 0 1 1 0 
0 0 0 0 0 
1 1 0 0 0 
0 1 0 0 0 
pre1
0 1 0 1 1 0 1 1 1 1 0 1 0 1 0 0 0 1 1 
pre2
0 1 1 1 1 1 0 0 0 1 1 0 1 1 0 
1 0 1 0 1 0 1 1 1 1 0 0 1 1 1 
0 1 0 0 0 0 1 1 0 1 0 1 0 0 0 
0 1 1 1 1 0 0 0 0 1 1 0 1 0 1 
0 0 1 1 0 1 1 1 0 1 1 1 0 1 1 
1 1 0 0 1 1 0 1 1 0 0 0 1 0 0 
0 0 0 1 1 1 1 0 0 1 1 1 0 0 0 
1 1 0 1 1 1 0 1 0 1 0 0 1 1 0 
1 1 1 0 1 0 1 0 1 1 1 0 1 0 0 
1 1 1 1 1 0 0 1 0 0 1 0 1 0 1 
1 0 0 0 0 1 1 1 1 0 0 1 0 1 1 
1 1 0 0 0 1 1 1 1 1 1 0 1 0 0 
0 0 0 0 0 0 0 1 1 1 1 0 0 0 1 
1 1 0 0 1 1 1 0 0 0 1 1 0 0 0 
1 0 0 1 1 0 0 1 0 1 0 1 1 1 1 
1 0 0 1 0 0 0 0 0 0 0 0 0 1 0 
0 0 1 0 1 0 0 1 1 0 1 1 0 0 0 
1 1 1 0 1 1 0 1 1 0 0 0 0 0 1 
1 0 1 0 0 0 0 0 0 1 1 1 0 1 1 

Resultant Matrix (from method 1 - Linear Matrix Multiplication): (1 x 5)
8 7 7 5 8 
