Sizes
45 10 
10 41 
41 45 
45 17 
17 22 
22 3 
3 41 
41 29 
29 5 
5 37 

 Matrices:
M1 (45 x 10)
0 1 0 0 0 0 0 0 1 1 
0 0 0 1 0 1 0 0 0 1 
0 0 1 0 0 1 0 0 1 0 
0 1 1 1 0 1 1 0 1 1 
1 1 1 1 0 1 0 1 1 0 
0 1 0 1 1 0 0 1 1 0 
1 1 1 0 0 1 1 0 1 0 
1 0 0 0 1 0 1 1 1 0 
0 1 1 0 1 0 1 1 1 0 
1 0 1 1 0 0 0 1 0 0 
1 1 0 1 1 0 0 0 1 1 
0 1 1 1 0 0 1 1 1 0 
1 1 0 0 0 0 0 0 1 0 
0 0 1 1 0 0 1 0 0 0 
1 0 0 0 1 0 0 0 1 0 
0 0 1 0 0 1 0 1 1 1 
1 0 0 1 1 0 1 0 0 0 
0 1 0 0 0 0 0 0 0 1 
0 1 1 1 1 0 0 0 1 0 
1 0 0 1 1 1 1 1 1 1 
1 1 1 1 0 1 1 0 1 0 
0 0 1 1 1 0 1 0 0 0 
0 0 1 0 1 0 1 1 1 0 
0 0 1 1 0 1 0 1 0 0 
1 0 0 0 1 1 1 1 1 1 
1 1 1 0 1 1 1 0 0 0 
0 0 1 0 0 1 1 0 0 1 
0 0 1 0 0 1 0 1 0 1 
1 1 1 0 0 0 1 1 1 1 
1 1 0 0 1 0 1 1 0 0 
0 1 0 0 1 0 1 1 0 1 
1 1 0 0 1 0 0 1 1 1 
0 1 1 0 1 0 0 1 1 1 
1 0 0 1 0 1 1 1 1 1 
0 0 0 0 0 0 1 0 1 0 
0 1 1 1 0 1 1 0 0 1 
1 1 1 1 0 1 1 1 0 0 
1 0 0 1 0 0 1 1 0 0 
0 0 0 1 1 0 0 1 0 0 
0 0 1 1 1 1 0 0 1 0 
0 0 0 0 1 0 0 1 0 1 
1 0 1 1 1 1 1 0 0 0 
0 0 0 0 1 1 1 1 0 0 
1 0 0 1 1 0 1 1 1 1 
0 0 1 0 0 1 1 1 1 1 

M2 (10 x 41)
1 1 1 1 1 0 1 1 1 1 1 0 1 0 1 0 0 0 0 1 0 0 1 1 0 1 0 1 1 1 0 0 1 1 0 0 1 1 1 0 0 
1 0 1 1 1 0 1 0 0 0 0 0 1 1 1 1 0 0 0 1 1 0 0 0 0 1 0 1 0 0 1 1 1 1 0 0 1 1 0 1 1 
0 1 1 0 0 0 0 1 0 1 0 0 0 0 1 1 0 0 1 1 0 1 0 1 1 0 0 1 1 1 0 1 0 1 1 1 1 1 0 1 1 
0 0 1 0 1 0 1 1 1 0 1 0 0 0 0 0 0 1 1 1 1 1 0 1 0 1 0 0 1 0 1 1 0 0 1 1 0 0 0 1 0 
0 0 0 0 0 1 1 1 0 0 0 1 0 1 0 1 0 0 0 0 1 1 0 1 1 1 1 1 1 0 0 1 0 0 0 0 1 1 1 0 1 
0 1 0 1 1 1 1 1 0 1 0 1 1 1 0 0 0 0 0 1 0 1 1 0 1 0 0 0 1 0 0 1 1 0 1 1 1 0 0 1 0 
1 1 1 0 1 0 1 1 0 0 1 1 1 0 1 1 0 1 1 0 1 0 1 1 1 0 1 0 1 0 0 0 1 1 0 1 1 1 0 1 1 
0 1 1 0 0 0 0 1 1 0 1 0 1 0 1 0 1 1 1 0 1 1 1 1 1 0 0 1 1 0 0 1 1 1 1 1 0 1 0 1 1 
1 1 0 0 1 0 1 0 1 1 0 0 1 1 0 1 1 1 0 1 1 1 0 1 0 1 1 1 0 0 0 1 0 1 1 1 1 1 1 1 0 
1 1 1 0 1 1 0 0 1 1 0 1 0 1 1 1 0 1 1 0 1 1 0 0 0 1 0 1 1 1 0 0 0 1 1 0 0 1 0 0 0 

M3 (41 x 45)
0 1 0 1 0 0 1 1 1 0 1 0 0 1 1 0 1 0 1 0 0 1 1 0 0 1 0 1 1 0 0 0 1 0 1 0 0 1 1 0 1 0 0 1 0 
1 1 1 0 0 0 0 0 1 0 0 0 1 0 1 1 0 1 1 0 1 1 1 0 0 1 1 1 1 0 1 1 0 0 1 0 0 1 0 1 0 1 1 1 1 
1 0 1 0 1 1 1 0 0 1 1 1 0 0 1 1 1 0 1 1 1 1 0 0 0 1 0 1 1 1 0 0 0 1 0 1 0 0 0 1 1 1 0 0 1 
1 1 0 1 0 1 0 1 1 1 1 1 1 0 0 1 0 0 1 1 0 0 0 0 0 1 0 1 1 0 0 1 1 0 0 1 0 1 0 1 0 0 0 1 0 
0 0 1 0 1 0 1 0 0 1 0 1 1 0 1 1 0 0 0 1 0 1 1 1 0 0 1 0 1 1 0 1 1 1 0 1 0 1 1 0 0 1 0 0 1 
1 1 0 1 0 1 1 1 0 1 1 0 0 1 1 1 0 1 1 1 1 0 1 0 1 0 0 0 0 0 0 1 0 0 0 0 1 1 1 1 0 1 1 1 0 
1 0 0 0 1 0 1 1 1 1 0 1 1 1 1 0 1 0 0 1 0 0 0 0 1 1 0 0 0 1 1 1 0 1 1 1 1 0 1 1 1 1 0 1 0 
0 1 1 0 1 0 1 1 0 1 0 1 1 1 0 1 0 1 1 1 1 0 1 1 1 0 1 1 0 0 1 0 1 1 1 0 1 0 1 0 1 1 1 0 0 
1 1 0 1 0 0 0 1 1 1 0 1 0 1 1 0 1 0 1 0 1 1 1 1 0 1 0 0 1 0 0 0 0 1 1 0 1 1 1 0 1 0 1 1 1 
0 0 0 0 1 0 1 1 0 0 1 1 0 1 0 1 0 1 1 1 0 1 0 0 1 0 1 1 1 0 0 1 0 1 0 0 1 1 1 1 0 0 1 0 0 
1 1 0 0 0 1 1 0 1 1 1 1 0 0 0 0 0 1 1 1 1 1 1 1 0 0 1 0 1 1 0 1 1 0 1 1 1 0 1 0 1 0 1 1 0 
1 0 1 1 1 0 0 0 1 1 0 0 0 0 1 0 1 0 1 1 0 0 1 0 0 1 0 0 1 1 1 0 1 0 1 0 0 0 0 0 1 0 0 0 1 
1 0 0 0 1 1 0 1 0 0 1 0 0 0 1 0 1 1 1 1 1 0 1 1 0 1 0 1 1 0 0 1 0 0 1 1 1 1 1 0 1 0 0 0 0 
1 0 1 0 1 0 1 1 0 0 0 1 1 1 1 1 1 0 0 1 1 1 0 0 0 0 1 1 0 1 1 1 1 1 0 1 1 1 0 1 0 0 1 1 1 
0 0 0 0 0 1 1 0 0 1 0 0 0 1 1 0 1 0 1 0 0 0 1 0 1 1 0 1 0 1 1 0 1 1 0 0 1 1 0 1 0 0 1 0 0 
0 0 1 1 0 1 1 0 0 1 1 1 1 1 1 0 0 1 0 1 1 0 0 0 0 1 0 0 1 1 0 1 1 1 0 1 0 0 0 1 1 1 0 1 0 
0 1 0 1 1 0 1 1 0 1 1 0 0 0 1 1 0 0 0 0 1 0 0 1 0 1 0 1 0 1 0 0 1 0 1 0 0 0 0 1 0 1 1 0 1 
0 1 0 0 1 0 1 1 0 0 1 0 1 1 0 0 1 0 1 1 1 0 0 0 0 1 0 1 0 0 1 0 1 1 0 0 1 0 0 1 0 1 1 1 0 
1 0 1 1 1 1 1 1 1 1 1 0 1 1 0 1 0 0 0 1 0 0 0 0 0 1 1 0 1 0 0 0 0 0 0 0 1 1 1 0 0 1 0 1 0 
0 0 0 0 0 1 0 0 1 1 1 0 0 1 1 0 1 0 1 1 0 1 0 1 0 0 1 1 0 0 1 0 0 1 0 0 0 1 0 1 0 1 0 0 0 
1 0 0 1 1 1 1 0 0 0 1 0 1 0 1 1 0 1 1 1 0 1 0 1 0 1 1 1 1 1 0 1 1 0 0 1 1 0 1 1 0 0 0 0 1 
1 1 1 0 1 0 0 0 0 1 0 0 0 0 1 1 0 0 1 0 1 0 1 1 1 1 1 0 1 1 1 0 1 0 0 0 0 1 0 1 0 1 1 1 1 
0 0 1 1 1 1 0 1 0 1 1 1 0 1 0 0 0 0 1 0 1 1 0 0 1 1 0 0 0 1 1 1 0 0 0 1 1 0 1 0 1 0 1 1 1 
0 1 1 0 0 1 1 1 1 1 1 1 0 1 1 1 1 0 1 1 0 1 1 0 0 1 1 0 0 1 1 0 0 0 1 1 1 0 0 0 0 1 1 0 1 
1 1 0 1 1 1 0 0 0 0 0 1 0 0 0 1 1 0 1 1 1 0 0 0 1 0 0 0 0 0 1 1 1 1 0 0 1 0 0 1 1 0 1 1 0 
1 0 1 1 1 0 1 0 0 1 1 1 1 1 1 1 1 0 0 0 0 1 1 1 1 1 0 0 0 1 0 1 1 0 0 0 0 1 0 1 0 1 0 1 1 
1 0 0 1 1 0 1 0 0 0 1 1 0 1 1 1 0 0 0 0 0 1 0 0 1 1 0 1 1 0 0 0 0 0 1 1 0 1 1 0 1 1 1 0 0 
0 1 0 0 0 0 1 1 1 1 0 0 1 1 0 1 1 0 0 1 0 1 0 1 1 0 0 0 0 0 0 0 0 1 1 0 1 0 1 0 1 1 1 0 1 
1 0 0 1 0 0 1 1 0 0 0 0 1 0 0 1 1 1 1 0 0 1 1 0 0 0 1 0 1 1 1 0 1 1 1 1 1 1 1 1 1 1 0 0 0 
0 0 1 1 1 1 1 1 0 1 1 0 0 1 1 0 0 1 1 0 1 1 1 0 0 1 1 1 1 0 1 1 0 0 1 1 1 0 0 0 0 0 0 0 1 
0 0 0 1 0 0 0 1 1 0 1 0 0 0 1 0 0 1 0 0 0 1 0 0 0 0 0 0 0 1 1 0 1 1 0 1 1 0 0 1 1 1 1 1 0 
1 1 0 0 1 0 0 0 0 0 0 0 1 0 1 0 0 1 1 1 1 1 1 0 1 0 1 1 1 0 1 0 1 1 0 0 1 0 0 0 1 1 0 0 1 
1 0 1 1 1 1 0 0 0 0 0 0 1 1 1 1 0 0 0 1 0 0 0 1 1 0 0 0 1 0 1 0 0 1 1 1 0 0 0 0 0 0 0 0 1 
1 1 1 1 0 0 0 0 0 1 1 1 1 1 0 1 1 0 1 0 0 0 0 0 0 0 0 0 0 0 1 1 0 0 1 0 0 1 0 1 0 0 0 1 1 
0 0 0 0 1 0 0 1 0 0 0 0 1 0 0 1 0 0 1 0 1 1 1 0 0 0 0 0 0 1 1 0 1 0 0 0 0 1 1 1 1 1 1 0 0 
0 0 0 0 1 0 1 1 1 1 1 1 1 1 1 0 0 1 1 0 0 1 1 1 0 0 0 0 1 1 0 1 1 0 1 0 0 0 1 0 1 0 1 0 1 
1 0 0 0 1 0 0 0 1 1 1 1 0 1 1 1 1 0 0 1 0 0 1 0 0 1 0 0 1 0 0 0 1 0 0 0 0 1 1 0 0 0 1 0 1 
0 1 0 1 1 1 1 0 0 1 0 0 1 0 1 0 0 1 1 0 1 1 1 0 0 1 1 0 0 1 1 1 1 1 0 0 0 1 0 1 0 0 1 0 1 
0 0 1 1 1 0 0 0 1 1 1 0 0 1 0 1 1 1 0 0 1 1 1 0 1 0 1 0 1 1 1 1 1 0 0 0 0 0 0 1 1 1 1 1 1 
0 1 0 1 1 0 1 0 1 1 0 1 0 0 0 1 1 1 0 1 1 0 0 0 1 1 1 0 1 1 1 1 0 1 0 1 0 1 0 1 1 0 1 1 0 
1 1 1 1 1 0 0 0 0 0 1 0 0 1 1 1 1 0 1 0 0 0 0 0 0 0 1 0 1 0 0 0 1 1 1 1 0 0 1 0 0 0 0 0 1 

M4 (45 x 17)
1 1 0 1 0 1 0 1 1 0 1 1 1 0 0 1 0 
1 1 0 0 0 0 0 1 0 1 1 1 1 0 0 1 1 
0 1 0 0 0 1 0 0 1 1 0 1 0 0 0 1 0 
1 1 0 1 0 1 0 1 0 0 0 0 1 1 0 0 1 
0 1 0 0 1 1 1 1 1 0 1 1 1 0 0 1 0 
0 1 1 0 1 1 0 1 0 1 0 0 0 1 1 1 1 
1 0 1 1 1 0 1 0 1 0 0 0 1 1 0 1 0 
0 0 0 1 1 0 0 1 0 0 0 1 1 1 1 1 0 
0 0 0 1 1 0 1 1 0 1 0 0 0 1 0 0 1 
1 1 1 0 0 1 0 0 1 0 1 0 1 0 0 0 0 
1 1 0 0 0 0 1 1 0 1 0 1 1 1 0 0 0 
0 0 1 1 0 0 1 0 0 0 0 0 0 0 1 1 1 
0 0 1 1 1 0 1 1 1 0 0 1 1 0 0 1 1 
1 0 0 0 0 0 0 0 1 1 0 0 0 1 0 0 1 
0 1 1 1 0 0 1 0 1 0 0 1 0 0 0 0 0 
0 0 0 1 0 1 0 0 0 0 0 0 1 1 0 0 0 
1 1 0 1 1 1 1 0 1 1 0 1 1 0 0 1 0 
1 1 0 1 0 0 1 0 0 0 1 1 1 1 0 0 1 
1 1 0 1 1 1 0 1 1 0 1 1 1 0 0 1 0 
1 1 0 0 1 0 1 0 1 0 1 0 0 0 1 1 0 
0 1 0 1 0 1 1 0 0 0 0 0 1 0 1 0 0 
1 1 0 0 1 0 0 0 0 0 0 1 0 1 0 1 1 
1 1 0 0 1 0 0 1 0 0 1 1 0 1 0 0 0 
1 1 0 1 0 0 0 0 1 0 1 1 1 0 0 0 0 
0 0 0 1 1 0 1 1 1 1 0 0 1 0 1 1 0 
0 1 0 0 1 0 0 1 1 1 1 0 0 0 0 0 0 
1 1 1 0 0 0 0 1 0 1 1 1 0 0 0 1 0 
0 1 0 1 0 0 0 1 0 0 1 0 0 0 0 0 1 
0 0 1 0 1 0 0 1 1 0 1 1 0 1 0 1 0 
1 1 0 1 0 0 0 0 0 0 0 0 0 1 1 1 0 
1 0 0 1 1 0 0 0 1 0 0 1 1 0 0 0 0 
0 0 0 0 0 0 0 0 1 1 1 0 0 0 1 0 0 
1 0 0 1 0 0 1 0 1 0 0 0 0 0 0 0 0 
0 1 1 0 1 0 1 1 0 1 1 1 0 1 0 0 0 
1 0 0 0 1 1 0 1 1 0 0 1 1 0 1 0 1 
0 1 1 1 0 1 1 1 1 1 1 1 1 1 1 1 1 
1 0 0 0 0 0 0 0 1 1 0 1 1 0 1 1 1 
0 1 1 1 1 0 0 0 1 1 1 0 1 0 0 1 0 
0 1 0 0 1 0 0 0 1 1 0 0 0 1 0 0 0 
0 1 0 0 1 0 0 0 0 1 0 0 0 0 0 0 1 
1 1 1 1 1 0 0 1 0 1 1 0 1 1 0 0 0 
1 1 0 1 1 0 0 1 1 0 1 1 0 0 0 0 1 
1 1 1 0 1 1 1 0 0 0 1 0 0 1 1 1 1 
0 0 0 0 1 1 1 0 0 1 1 1 1 0 0 1 0 
0 0 1 1 0 1 1 1 0 1 1 1 0 0 0 0 0 

M5 (17 x 22)
0 1 1 1 0 0 1 1 1 0 1 1 1 1 0 1 1 1 1 0 1 1 
0 0 0 0 1 0 0 1 1 0 1 0 0 1 0 1 0 1 1 1 1 1 
1 1 0 0 0 0 0 1 1 1 0 1 1 1 1 1 0 0 1 1 1 1 
0 1 0 0 1 0 0 0 1 1 1 1 1 1 1 1 1 0 0 1 1 1 
0 1 0 0 1 0 0 0 1 0 0 0 1 1 0 1 1 1 0 0 0 1 
1 0 0 0 0 1 1 0 0 1 1 1 0 0 1 0 1 0 0 1 0 1 
0 0 0 1 1 0 1 0 1 0 0 0 1 0 1 0 0 1 0 1 0 0 
0 1 0 1 0 0 0 0 0 0 1 0 1 0 1 0 0 0 0 0 0 1 
1 1 0 1 1 0 1 1 0 1 1 0 0 1 0 0 1 0 0 0 1 1 
1 0 1 1 0 1 0 1 1 1 0 1 0 1 1 1 1 1 0 0 1 0 
1 1 0 0 0 0 1 1 1 0 1 0 1 1 0 1 0 1 0 1 0 1 
0 1 0 1 0 1 1 1 1 0 0 0 1 0 0 0 1 0 0 0 0 1 
0 0 1 0 1 1 1 1 0 0 0 1 1 0 0 1 1 1 1 0 1 0 
0 0 0 0 0 0 0 0 0 0 1 1 1 0 0 0 0 1 0 0 0 0 
1 0 1 0 1 0 0 1 1 1 1 1 1 1 0 1 1 0 0 0 1 1 
1 1 1 1 0 0 1 0 0 0 0 1 1 0 1 1 1 0 0 0 0 1 
1 0 1 0 0 1 1 1 0 0 0 1 1 1 1 0 1 1 1 0 0 0 

M6 (22 x 3)
0 0 1 
1 0 0 
1 0 1 
0 0 0 
0 0 1 
1 1 1 
1 0 1 
0 1 0 
1 0 0 
0 0 0 
0 0 0 
1 1 1 
1 0 1 
1 0 0 
1 1 0 
1 0 0 
0 0 0 
1 0 1 
0 1 1 
0 1 0 
0 1 0 
1 1 0 

M7 (3 x 41)
0 0 0 1 1 1 1 1 0 0 0 0 0 0 0 0 0 1 1 0 0 0 0 0 0 0 1 1 1 0 1 1 1 1 1 0 0 0 1 0 0 
1 1 0 0 1 0 0 0 1 0 1 0 0 1 0 0 0 1 0 1 0 1 0 0 0 0 0 1 0 1 1 1 0 0 1 1 0 1 0 0 1 
1 0 1 0 0 0 0 0 0 1 0 1 1 0 0 0 1 1 0 0 0 1 0 0 1 1 1 0 1 1 0 0 1 1 0 1 1 1 1 1 0 

M8 (41 x 29)
0 1 0 0 1 0 1 0 0 1 0 1 1 1 0 1 0 1 0 1 1 1 0 0 1 1 0 0 1 
1 1 1 0 1 1 1 1 1 1 1 0 0 0 0 1 1 1 1 0 1 0 1 0 0 1 0 1 1 
0 0 1 1 1 1 0 1 1 1 0 0 0 0 0 1 0 1 0 1 0 0 1 0 1 1 0 0 1 
0 0 0 0 1 1 0 0 0 1 1 1 1 0 0 1 0 1 0 0 1 1 0 1 0 1 0 0 1 
0 1 1 0 1 0 1 1 0 0 1 1 1 0 0 1 0 1 0 1 1 0 0 1 0 1 1 1 1 
1 1 0 1 0 0 0 0 0 1 0 0 0 1 1 1 1 1 1 1 1 1 0 1 1 1 1 1 1 
1 0 0 0 0 1 0 1 0 1 1 1 1 1 0 1 0 1 0 1 0 1 0 1 0 1 1 1 1 
0 0 0 0 1 0 1 0 0 0 0 1 1 0 1 0 0 0 0 1 0 0 1 0 0 1 0 0 0 
1 1 0 0 1 0 1 1 1 1 1 1 0 1 0 0 0 0 0 0 1 1 0 1 0 0 1 1 0 
1 1 0 0 1 0 1 0 1 0 1 0 0 1 0 1 1 0 1 0 0 1 1 1 1 0 0 0 1 
1 0 1 1 0 1 0 0 1 0 1 1 0 0 1 1 0 0 0 1 1 0 1 0 1 1 0 1 1 
0 1 0 0 0 1 1 1 0 1 0 0 1 0 0 1 1 1 1 0 0 0 1 0 0 0 0 1 0 
1 0 0 0 0 0 0 0 1 0 0 1 0 0 0 0 1 1 0 0 0 0 0 1 1 1 1 1 1 
0 1 0 0 1 1 0 0 1 0 1 1 0 0 0 1 0 0 0 1 0 0 0 0 1 1 0 0 0 
1 1 0 1 1 0 0 0 0 0 0 1 0 1 1 0 1 0 1 0 0 0 0 1 0 1 0 1 1 
0 1 0 1 1 1 0 1 0 1 0 0 1 1 0 0 0 1 0 1 0 0 1 0 0 0 1 1 0 
0 0 0 0 1 1 1 0 0 1 0 1 1 1 0 0 1 0 0 0 0 1 0 0 1 1 1 1 0 
0 0 0 1 0 0 0 0 0 0 0 1 1 1 0 0 1 0 1 1 0 0 0 0 0 0 1 1 1 
0 1 0 0 0 1 1 0 1 1 0 1 1 1 0 0 1 0 1 1 0 0 0 0 0 0 0 1 1 
0 0 1 1 0 0 1 1 1 0 0 0 0 0 1 0 0 1 1 1 0 1 1 0 1 1 1 1 1 
0 0 1 0 1 1 1 1 0 0 0 0 1 0 1 1 1 1 1 0 0 0 0 1 1 1 0 0 0 
1 0 0 1 1 0 1 0 1 0 1 0 1 1 1 1 0 0 1 1 1 1 0 0 0 1 1 1 0 
0 1 1 0 1 1 1 1 0 0 1 0 1 1 1 0 0 1 1 0 0 0 1 1 0 1 1 0 1 
0 0 1 1 1 1 0 0 0 0 0 0 1 1 1 0 0 0 0 1 1 0 1 1 1 1 0 1 0 
0 0 1 0 1 0 1 0 1 0 0 1 0 1 0 1 0 0 0 0 0 1 1 0 1 1 1 0 1 
0 0 1 0 1 1 1 0 0 1 1 0 0 0 1 1 0 0 1 0 0 0 0 0 1 0 1 0 1 
1 1 0 1 0 0 1 1 0 1 0 1 0 0 1 0 1 0 0 0 0 0 0 0 0 0 1 0 1 
0 1 0 1 1 0 0 0 1 1 0 0 1 1 0 0 1 0 1 1 0 1 1 0 0 1 0 0 1 
0 0 1 1 0 0 1 0 0 1 1 0 1 1 1 0 1 1 1 1 1 1 1 0 0 1 0 0 1 
1 1 1 1 0 1 1 0 0 0 1 1 1 1 0 1 0 0 0 0 0 0 1 1 1 1 1 1 0 
1 0 1 0 0 0 0 1 1 1 1 1 0 0 1 1 0 0 1 0 0 1 0 0 0 1 0 0 1 
1 0 0 1 1 1 1 1 1 0 0 0 1 0 0 1 1 1 1 1 1 0 1 0 0 0 1 0 0 
1 1 1 1 1 0 0 0 0 1 0 0 1 0 0 1 1 1 0 0 1 1 1 1 1 0 1 1 1 
1 1 0 0 0 1 0 0 1 0 0 0 0 1 1 1 1 1 0 0 1 0 1 1 0 0 0 0 0 
1 1 1 0 1 0 0 0 0 0 1 0 1 1 1 0 0 0 1 1 0 1 1 0 1 0 0 1 0 
0 1 1 1 1 1 0 1 1 0 1 1 1 1 0 0 0 0 1 0 1 0 0 1 1 1 0 1 1 
1 1 0 1 0 1 0 1 0 1 0 0 0 0 0 1 0 0 0 1 1 0 0 0 1 1 1 0 1 
1 1 1 0 1 0 1 1 0 0 1 1 1 1 1 1 1 0 1 0 0 0 1 1 1 1 0 0 1 
0 0 0 1 1 0 1 1 1 0 1 0 1 0 1 0 1 0 0 1 1 0 0 0 1 1 1 1 1 
1 0 1 1 0 0 0 0 1 1 0 1 0 0 0 0 1 1 1 1 1 1 0 1 1 0 0 0 1 
1 1 1 1 0 0 1 0 1 0 0 0 0 1 1 0 0 1 1 1 1 0 0 0 0 1 1 1 1 

M9 (29 x 5)
1 0 1 0 1 
0 0 0 0 0 
1 0 0 1 0 
0 0 0 0 0 
1 1 1 1 1 
1 1 0 0 0 
1 1 1 0 1 
0 1 1 0 1 
1 1 1 0 1 
1 0 1 1 0 
1 0 1 0 1 
0 1 0 0 1 
1 1 0 0 0 
1 0 1 0 1 
0 0 0 1 0 
1 0 0 1 1 
0 0 1 1 1 
0 1 0 0 1 
0 1 0 0 1 
0 0 0 1 0 
1 1 0 1 0 
0 1 0 0 0 
1 0 0 0 1 
1 0 0 0 1 
1 0 0 0 0 
0 0 0 0 0 
1 1 1 1 0 
0 0 1 0 0 
1 0 1 0 0 

M10 (5 x 37)
0 1 1 1 1 0 0 1 0 0 0 0 1 0 0 1 1 1 0 1 0 0 1 1 1 1 1 1 0 1 1 1 0 0 0 0 0 
0 1 1 1 1 1 0 0 0 1 1 1 1 0 1 0 1 1 1 1 0 0 1 1 1 0 1 0 0 1 0 1 1 1 0 0 1 
0 0 1 1 0 0 0 0 0 0 0 1 1 1 1 1 0 0 1 1 1 1 1 1 1 0 0 1 0 0 0 0 1 1 1 1 1 
0 1 1 0 1 0 0 0 1 1 1 1 0 0 1 1 1 0 1 0 0 0 0 0 0 1 1 1 0 0 0 0 0 0 1 1 0 
1 0 0 0 1 1 1 1 0 0 0 0 1 0 0 1 1 1 1 0 0 0 0 1 1 1 1 1 0 0 1 1 0 1 1 1 1 

The least number of multiplications are: 16209
The optimal order of parentheses is: ((M1(M2(M3(M4(M5M6)))))((M7M8)M9))



Resultant Matrix (from method 3 - MCM and Strassen): (45 x 37)
2 1 0 1 2 0 1 0 0 1 0 0 1 2 0 2 0 0 1 1 0 1 0 0 0 2 0 2 1 0 1 1 0 2 1 0 1 
1 1 0 0 2 0 1 1 0 1 1 0 0 1 0 1 0 0 2 1 0 2 0 0 0 2 0 1 2 0 1 1 0 1 2 0 0 
0 0 0 0 0 0 0 0 0 0 0 0 0 0 0 0 0 0 0 0 0 0 0 0 0 0 0 0 0 0 0 0 0 0 0 0 0 
3 2 0 1 4 0 3 2 0 1 2 0 2 2 0 3 0 0 3 2 0 2 1 0 1 3 0 2 3 0 2 2 0 3 2 0 2 
2 2 0 2 3 0 3 3 0 1 3 0 3 1 0 1 1 0 2 3 0 2 2 0 1 3 0 3 3 0 2 3 0 3 2 0 2 
0 0 0 0 0 0 0 0 0 0 0 0 0 0 0 0 0 0 0 0 0 0 0 0 0 0 0 0 0 0 0 0 0 0 0 0 0 
3 2 0 2 3 0 3 2 0 1 2 0 3 1 0 2 0 0 1 2 0 0 2 0 1 2 0 2 2 0 1 1 0 3 0 0 3 
2 3 0 1 2 0 3 4 0 1 3 0 3 1 0 2 1 0 2 1 0 2 3 0 3 2 0 3 4 0 0 2 0 3 1 0 3 
0 0 0 0 0 0 0 0 0 0 0 0 0 0 0 0 0 0 0 0 0 0 0 0 0 0 0 0 0 0 0 0 0 0 0 0 0 
1 2 0 1 2 0 2 3 0 1 3 0 2 0 0 0 1 0 2 2 0 2 2 0 1 2 0 2 3 0 1 2 0 2 2 0 1 
3 2 0 2 4 0 4 3 0 2 2 0 2 3 0 3 0 0 2 3 0 3 1 0 1 5 0 4 4 0 2 3 0 3 2 0 3 
0 0 0 0 0 0 0 0 0 0 0 0 0 0 0 0 0 0 0 0 0 0 0 0 0 0 0 0 0 0 0 0 0 0 0 0 0 
2 1 0 2 2 0 2 1 0 1 1 0 2 1 0 1 0 0 0 2 0 0 1 0 0 2 0 2 1 0 1 1 0 2 0 0 2 
1 1 0 0 2 0 2 2 0 0 2 0 1 0 0 1 0 0 2 1 0 1 1 0 1 1 0 0 2 0 1 1 0 1 1 0 1 
0 0 0 0 0 0 0 0 0 0 0 0 0 0 0 0 0 0 0 0 0 0 0 0 0 0 0 0 0 0 0 0 0 0 0 0 0 
1 2 0 0 1 0 0 1 0 1 1 0 1 1 0 1 1 0 2 0 0 2 1 0 1 1 0 2 2 0 0 1 0 2 2 0 0 
2 2 0 1 3 0 4 4 0 1 3 0 2 1 0 2 0 0 2 2 0 2 2 0 2 3 0 2 4 0 1 2 0 2 1 0 3 
0 0 0 0 0 0 0 0 0 0 0 0 0 0 0 0 0 0 0 0 0 0 0 0 0 0 0 0 0 0 0 0 0 0 0 0 0 
1 0 0 1 2 0 3 2 0 0 1 0 1 2 0 2 0 0 1 2 0 2 0 0 1 3 0 2 2 0 2 3 0 1 1 0 2 
3 4 0 1 4 0 4 5 0 2 4 0 3 2 0 3 1 0 4 2 0 4 3 0 3 4 0 4 6 0 1 3 0 4 3 0 3 
0 0 0 0 0 0 0 0 0 0 0 0 0 0 0 0 0 0 0 0 0 0 0 0 0 0 0 0 0 0 0 0 0 0 0 0 0 
1 1 0 0 2 0 3 3 0 0 2 0 1 1 0 2 0 0 2 1 0 2 1 0 2 2 0 1 3 0 1 2 0 1 1 0 2 
1 2 0 0 1 0 2 3 0 0 2 0 2 1 0 2 1 0 2 0 0 2 2 0 3 1 0 2 3 0 0 2 0 2 1 0 2 
0 0 0 0 0 0 0 0 0 0 0 0 0 0 0 0 0 0 0 0 0 0 0 0 0 0 0 0 0 0 0 0 0 0 0 0 0 
3 4 0 1 3 0 3 4 0 2 3 0 3 2 0 3 1 0 3 1 0 3 3 0 3 3 0 4 5 0 0 2 0 4 2 0 3 
3 2 0 2 3 0 4 3 0 1 2 0 3 2 0 3 0 0 1 2 0 1 2 0 2 3 0 3 3 0 1 2 0 3 0 0 4 
0 0 0 0 0 0 0 0 0 0 0 0 0 0 0 0 0 0 0 0 0 0 0 0 0 0 0 0 0 0 0 0 0 0 0 0 0 
1 2 0 0 1 0 0 1 0 1 1 0 1 1 0 1 1 0 2 0 0 2 1 0 1 1 0 2 2 0 0 1 0 2 2 0 0 
4 4 0 2 4 0 3 3 0 2 3 0 4 2 0 3 1 0 3 2 0 2 3 0 2 3 0 4 4 0 1 2 0 5 2 0 3 
0 0 0 0 0 0 0 0 0 0 0 0 0 0 0 0 0 0 0 0 0 0 0 0 0 0 0 0 0 0 0 0 0 0 0 0 0 
3 3 0 1 3 0 3 3 0 1 2 0 3 3 0 4 1 0 3 1 0 3 2 0 3 3 0 4 4 0 1 3 0 4 2 0 3 
3 3 0 2 3 0 3 3 0 2 2 0 3 3 0 3 1 0 2 2 0 3 2 0 2 4 0 5 4 0 1 3 0 4 2 0 3 
0 0 0 0 0 0 0 0 0 0 0 0 0 0 0 0 0 0 0 0 0 0 0 0 0 0 0 0 0 0 0 0 0 0 0 0 0 
3 4 0 1 4 0 3 4 0 2 4 0 3 1 0 2 1 0 4 2 0 3 3 0 2 3 0 3 5 0 1 2 0 4 3 0 2 
1 1 0 0 1 0 1 1 0 0 1 0 1 0 0 1 0 0 1 0 0 0 1 0 1 0 0 0 1 0 0 0 0 1 0 0 1 
0 0 0 0 0 0 0 0 0 0 0 0 0 0 0 0 0 0 0 0 0 0 0 0 0 0 0 0 0 0 0 0 0 0 0 0 0 
3 3 0 2 4 0 4 4 0 1 4 0 4 1 0 2 1 0 3 3 0 2 3 0 2 3 0 3 4 0 2 3 0 4 2 0 3 
2 3 0 1 3 0 3 4 0 1 4 0 3 0 0 1 1 0 3 2 0 2 3 0 2 2 0 2 4 0 1 2 0 3 2 0 2 
0 0 0 0 0 0 0 0 0 0 0 0 0 0 0 0 0 0 0 0 0 0 0 0 0 0 0 0 0 0 0 0 0 0 0 0 0 
0 0 0 0 1 0 2 2 0 0 1 0 0 1 0 1 0 0 1 1 0 2 0 0 1 2 0 1 2 0 1 2 0 0 1 0 1 
1 2 0 0 1 0 1 2 0 1 1 0 1 2 0 2 1 0 2 0 0 3 1 0 2 2 0 3 3 0 0 2 0 2 2 0 1 
0 0 0 0 0 0 0 0 0 0 0 0 0 0 0 0 0 0 0 0 0 0 0 0 0 0 0 0 0 0 0 0 0 0 0 0 0 
1 2 0 0 1 0 2 3 0 0 2 0 2 1 0 2 1 0 2 0 0 2 2 0 3 1 0 2 3 0 0 2 0 2 1 0 2 
3 4 0 1 4 0 4 5 0 2 4 0 3 2 0 3 1 0 4 2 0 4 3 0 3 4 0 4 6 0 1 3 0 4 3 0 3 
0 0 0 0 0 0 0 0 0 0 0 0 0 0 0 0 0 0 0 0 0 0 0 0 0 0 0 0 0 0 0 0 0 0 0 0 0 
