Sizes
3 1 
1 3 
3 9 
9 3 
3 8 
8 14 
14 16 
16 1 
1 7 
7 3 
0 0 

 Matrices:
M1 (3 x 1)
1 
0 
0 

M2 (1 x 3)
0 0 1 

M3 (3 x 9)
1 1 1 1 1 1 0 1 1 
0 0 1 1 0 1 0 1 1 
0 0 0 1 0 0 1 0 0 

M4 (9 x 3)
1 0 0 
1 1 0 
0 0 1 
1 0 0 
0 0 1 
1 0 1 
0 0 0 
1 0 1 
1 1 1 

M5 (3 x 8)
1 0 1 1 1 1 0 0 
0 0 0 1 1 1 1 1 
1 0 0 0 0 0 0 0 

M6 (8 x 14)
0 1 0 1 0 1 1 1 1 0 1 0 0 1 
1 0 1 1 1 0 1 1 1 0 1 0 1 1 
0 1 1 0 1 1 0 1 0 1 1 1 1 0 
1 1 1 0 0 0 0 1 0 1 0 1 1 1 
1 0 0 1 0 1 0 1 0 0 0 0 1 1 
1 0 1 1 0 0 1 0 0 1 1 0 0 0 
0 0 1 1 0 0 1 0 1 1 1 0 1 0 
0 0 1 0 0 1 1 0 1 0 0 0 0 0 

M7 (14 x 16)
0 0 0 0 0 1 0 1 1 1 1 1 0 1 1 1 
1 1 1 0 1 1 1 0 0 1 1 0 1 1 0 1 
1 0 0 0 0 0 1 1 1 0 0 1 1 1 0 0 
1 1 1 0 0 0 1 0 1 0 1 0 1 1 0 0 
0 0 0 0 0 1 1 1 0 0 0 1 1 0 0 0 
1 1 1 1 1 0 0 1 0 1 1 1 0 1 1 0 
1 0 0 1 1 0 0 1 0 0 1 1 0 1 0 1 
0 1 1 1 1 1 0 1 0 0 0 0 1 1 1 1 
1 1 0 1 1 1 0 1 1 1 1 0 0 1 1 0 
0 0 0 1 1 0 0 1 0 0 0 0 1 1 1 1 
0 1 0 0 0 0 1 0 0 0 0 0 1 1 1 1 
0 1 0 1 1 0 1 0 0 1 0 0 0 1 1 0 
0 1 0 1 1 0 1 1 0 1 0 0 0 1 1 0 
0 0 0 1 0 1 1 1 0 1 1 0 0 0 0 1 

M8 (16 x 1)
1 
1 
0 
0 
1 
1 
0 
1 
0 
0 
1 
0 
1 
1 
1 
1 

M9 (1 x 7)
1 1 0 1 0 0 0 

M10 (7 x 3)
0 1 1 
0 0 1 
0 1 0 
1 1 1 
0 0 1 
0 0 1 
1 0 0 

Resultant Matrix (from method 2 - Linear and Strassen): (3 x 3)
213 426 639 
0 0 0 
0 0 0 