Sizes
3 20 
20 46 
46 12 
12 8 
8 43 
43 37 
37 45 
45 25 
25 30 
30 23 

 Matrices:
M1 (3 x 20)
1 1 0 0 1 1 0 1 0 1 1 1 1 1 0 1 1 1 0 0 
0 1 1 1 0 1 1 1 0 0 1 1 1 1 1 1 1 1 0 1 
0 1 0 0 0 0 1 1 1 0 1 1 1 1 0 0 0 1 1 0 

M2 (20 x 46)
1 0 1 1 1 0 0 0 1 0 1 0 1 1 0 0 1 1 1 1 1 1 0 1 0 1 1 0 0 0 1 0 0 0 1 1 1 1 0 0 1 1 0 0 1 0 
0 0 0 0 1 1 1 0 0 1 1 1 1 1 1 0 1 1 1 0 1 0 1 1 0 0 0 1 1 1 1 1 0 1 1 1 1 0 1 1 1 0 1 1 0 0 
1 1 0 0 0 1 0 1 0 1 0 0 0 1 0 1 0 0 1 0 1 0 0 1 1 0 1 0 1 1 1 0 1 1 1 1 0 1 0 0 0 0 0 0 1 0 
0 0 0 1 0 0 1 0 1 0 0 0 1 1 0 0 0 1 1 1 0 1 0 0 1 1 1 1 1 0 0 1 0 0 0 0 0 1 1 1 0 1 0 1 1 0 
1 1 1 0 0 1 1 0 1 0 1 0 1 1 1 1 0 1 0 1 0 0 0 1 0 0 0 0 1 1 0 0 0 1 0 0 0 1 1 1 1 0 0 1 1 1 
0 0 0 0 1 0 1 1 1 1 0 0 1 1 1 1 0 0 0 0 0 0 0 1 1 1 0 1 0 1 0 1 1 1 1 0 1 0 0 1 1 0 1 0 1 0 
1 1 0 1 0 1 1 0 0 1 1 0 0 0 0 1 1 1 0 0 0 1 1 0 0 0 0 1 1 1 0 0 1 0 0 1 1 1 1 0 0 0 0 1 0 0 
0 1 0 0 0 0 1 1 0 0 1 0 1 0 1 1 1 0 0 1 1 1 0 0 1 1 1 0 0 1 0 0 1 0 0 1 0 1 0 0 1 1 0 1 0 0 
0 1 0 0 0 0 0 0 0 1 1 1 1 1 1 0 1 0 0 1 1 1 1 1 1 0 0 0 1 0 0 0 1 0 0 1 0 0 0 1 0 1 0 1 1 1 
1 0 1 0 0 0 1 1 1 0 1 0 0 1 0 0 1 0 1 1 1 1 0 1 0 0 1 1 1 0 0 1 0 0 1 0 0 0 1 0 0 1 0 1 0 0 
1 1 0 0 0 0 0 0 1 0 0 0 1 0 0 0 1 1 0 0 1 0 0 1 0 0 0 0 1 0 1 1 1 1 1 1 1 1 0 1 0 0 1 1 0 0 
1 1 1 1 1 0 0 1 1 0 0 1 1 1 1 0 0 0 1 0 0 1 1 0 0 1 0 1 1 1 1 0 0 0 0 0 1 0 1 0 0 1 0 1 1 1 
1 1 0 1 1 0 0 1 0 0 0 0 1 1 1 1 0 0 1 0 0 0 0 1 1 0 1 1 0 0 0 1 1 0 0 1 0 0 0 0 0 0 1 0 0 0 
1 0 0 0 0 0 1 0 0 0 0 1 1 0 1 1 0 0 0 0 1 0 1 1 1 1 0 0 1 0 0 0 0 1 1 0 1 0 0 1 0 0 0 1 1 1 
0 1 0 0 1 1 1 0 1 0 0 1 0 1 1 0 0 1 1 1 1 1 1 1 0 1 1 1 0 0 0 0 1 0 1 1 0 0 1 1 0 1 0 0 1 1 
0 1 0 0 0 1 1 1 0 1 0 1 0 0 0 1 0 1 1 1 0 1 1 0 0 1 1 0 1 0 1 0 1 1 0 1 0 1 0 0 0 0 0 1 0 0 
0 1 1 1 0 0 1 0 0 1 1 1 0 1 0 1 1 1 1 1 1 1 0 1 0 0 0 0 1 0 0 1 1 1 1 0 1 0 0 1 1 1 1 1 0 1 
1 1 0 0 0 1 1 0 1 1 1 1 1 0 1 1 0 1 1 1 1 0 1 1 0 0 0 1 0 1 0 1 0 0 1 1 0 0 1 1 0 0 0 1 1 1 
1 1 0 0 0 1 0 1 0 0 1 1 1 1 0 1 0 0 0 1 1 0 0 1 1 0 1 1 1 0 0 0 1 1 0 1 0 1 0 1 1 0 0 1 1 0 
0 0 0 0 1 0 0 1 1 1 1 0 0 1 1 1 1 0 0 0 0 0 1 0 1 0 0 1 1 0 1 0 0 0 0 1 0 1 1 1 0 0 1 1 1 0 

M3 (46 x 12)
0 1 1 0 1 1 0 0 1 0 0 0 
1 0 0 1 0 0 1 0 1 1 1 0 
0 0 1 1 1 0 0 1 1 1 1 0 
0 1 0 1 1 1 1 1 1 1 0 1 
1 1 1 1 0 1 1 0 1 0 1 0 
1 1 1 0 0 0 1 0 1 1 0 1 
0 1 0 1 1 0 0 0 1 0 1 1 
1 1 1 0 1 0 0 0 0 1 1 0 
1 0 1 0 1 1 1 0 0 1 1 1 
1 0 0 0 0 1 1 1 0 0 1 0 
1 1 0 1 0 1 1 1 1 0 1 1 
1 1 1 0 0 0 1 0 0 1 0 0 
1 0 1 1 0 0 1 1 1 0 0 1 
1 0 0 1 0 0 0 0 1 1 0 1 
1 1 1 0 1 0 0 0 0 0 1 0 
0 1 0 0 1 0 1 0 0 0 1 1 
0 1 1 1 0 1 0 0 0 0 0 1 
0 0 1 0 0 1 0 1 0 0 1 1 
1 0 1 1 0 1 0 0 0 1 1 1 
0 0 1 1 0 1 0 0 1 0 0 0 
1 0 1 1 1 0 0 0 0 1 1 1 
0 0 1 1 1 1 0 0 1 1 1 1 
0 1 1 1 1 1 1 0 1 0 1 0 
0 1 0 1 1 0 0 1 0 1 0 1 
0 0 1 1 1 0 0 1 0 1 1 1 
0 0 0 0 1 1 0 1 1 1 0 0 
1 0 1 1 0 0 0 0 0 0 0 0 
0 0 1 0 0 0 0 0 1 0 0 0 
1 1 1 0 0 0 0 1 0 0 0 0 
0 0 1 0 0 1 0 1 1 0 1 1 
0 1 0 1 1 0 1 1 1 1 1 1 
1 0 0 1 0 0 0 0 1 1 0 1 
0 1 0 1 1 0 1 1 1 1 1 1 
1 0 0 1 1 1 0 0 1 1 0 1 
1 0 1 0 1 0 0 1 1 0 0 0 
0 1 1 0 0 0 1 0 1 1 1 0 
0 1 1 0 0 1 1 0 1 1 0 0 
1 0 1 0 1 1 0 1 1 1 1 1 
0 0 1 1 1 0 1 0 0 0 0 0 
1 1 0 0 0 1 0 1 1 1 1 0 
1 1 0 0 1 1 1 1 0 1 0 1 
1 1 1 1 0 1 0 1 1 0 0 1 
1 0 1 1 0 0 1 1 0 1 1 1 
1 0 0 1 1 0 0 1 1 0 0 1 
1 0 1 0 1 1 0 0 1 1 1 1 
1 1 0 1 0 1 0 1 0 0 0 1 

M4 (12 x 8)
0 1 0 0 1 1 1 0 
1 0 1 0 1 1 1 1 
0 0 0 1 1 1 1 0 
0 1 1 0 0 0 0 0 
1 0 0 0 1 0 0 1 
0 1 1 0 0 0 1 0 
1 1 0 0 0 1 0 1 
0 0 1 0 0 1 1 1 
0 1 1 1 1 1 0 0 
1 0 0 1 0 1 0 1 
0 0 0 1 1 0 0 1 
0 1 0 0 1 1 1 1 

M5 (8 x 43)
0 0 0 0 0 1 0 1 1 0 0 1 1 0 1 1 0 1 0 1 1 0 1 0 0 1 0 1 0 0 0 0 0 0 0 0 1 0 1 0 0 0 0 
1 0 1 1 1 0 1 0 1 0 1 1 0 0 0 1 0 0 1 1 0 1 1 1 1 0 0 1 0 0 1 0 1 0 1 0 0 0 0 0 0 0 1 
0 0 1 1 1 1 0 0 0 0 1 1 1 1 1 0 0 0 0 0 1 0 1 1 1 1 1 1 0 1 0 0 0 0 0 1 1 0 1 1 0 0 0 
1 0 0 0 0 0 0 0 1 0 1 0 1 0 1 0 0 1 1 1 1 1 1 0 0 1 1 0 0 1 0 1 1 0 1 1 0 1 1 1 0 0 1 
1 1 1 0 1 0 1 0 1 0 1 1 0 1 0 0 1 1 1 0 1 1 0 0 0 1 0 1 1 0 1 1 1 0 1 1 0 0 1 1 0 1 0 
0 0 0 1 1 1 0 1 0 1 1 1 1 1 1 1 0 1 0 1 1 0 0 0 0 0 1 1 0 0 1 1 0 1 0 1 0 0 1 1 1 0 0 
1 1 1 0 0 0 0 1 1 0 0 1 0 0 1 1 1 1 0 0 0 1 0 1 1 0 0 0 1 1 0 0 0 1 0 0 0 0 0 1 0 0 1 
0 0 0 1 1 1 1 1 1 0 1 1 0 1 1 0 1 0 1 1 1 0 0 1 0 0 1 0 1 1 1 1 0 1 1 1 0 0 1 0 1 0 1 

M6 (43 x 37)
1 0 0 1 1 1 0 0 0 1 0 1 1 1 1 1 0 0 0 1 0 1 0 0 0 1 1 0 0 1 1 1 1 1 0 0 0 
1 1 0 0 1 0 1 0 1 1 0 1 1 0 0 1 0 0 1 1 1 1 1 0 0 0 0 1 1 0 0 0 1 0 0 1 0 
1 1 1 0 0 1 0 0 1 1 0 1 0 0 0 1 1 0 1 0 0 0 1 1 0 1 0 1 1 1 1 0 1 1 1 1 0 
1 1 1 0 1 0 0 1 0 1 1 0 0 1 1 0 0 0 1 1 0 0 0 0 1 0 1 0 1 0 0 0 1 1 0 0 1 
0 0 1 1 1 0 1 0 1 0 0 1 1 1 1 1 1 1 0 1 0 1 1 0 1 1 1 1 0 0 0 0 0 0 0 1 0 
1 1 1 1 1 0 0 0 1 1 1 1 0 0 1 1 1 0 0 1 1 1 1 1 0 1 1 0 1 0 0 1 1 1 0 0 1 
1 0 0 0 1 1 0 0 1 1 1 1 0 0 0 1 1 0 1 1 1 1 0 0 1 1 1 0 0 0 1 1 0 0 1 0 1 
0 0 0 1 1 1 1 0 0 1 1 0 0 0 1 0 1 1 1 0 1 0 0 1 1 1 1 1 1 1 1 1 1 1 0 1 1 
0 1 1 1 0 1 1 1 0 1 0 0 1 0 1 1 1 0 0 0 1 0 1 1 1 0 0 0 1 1 1 1 0 0 0 1 1 
1 0 0 1 0 0 0 0 1 1 1 1 1 0 0 1 1 1 0 0 0 1 1 1 0 0 0 1 0 1 0 1 1 0 0 1 0 
0 1 1 1 1 0 1 1 1 0 0 0 1 0 0 0 1 0 0 1 0 1 1 1 0 1 0 0 1 1 1 0 0 0 1 1 1 
0 0 0 1 1 0 0 1 1 0 1 1 0 0 1 0 0 0 0 1 0 0 0 1 1 0 1 0 0 1 1 0 1 1 1 0 1 
1 0 0 1 1 1 0 1 0 0 1 0 0 0 0 0 1 1 0 1 1 0 1 0 1 0 1 0 1 0 1 1 0 0 0 1 1 
0 0 0 0 0 0 0 0 1 1 1 0 1 1 1 1 0 1 0 0 1 0 0 1 1 1 1 1 1 0 1 0 0 1 0 0 1 
1 1 0 0 0 1 1 1 0 0 0 0 0 0 1 0 0 0 1 1 1 1 1 1 0 1 1 1 1 0 0 0 1 1 0 1 0 
1 1 0 1 1 0 1 1 1 1 0 1 1 1 0 0 0 1 0 1 1 1 1 1 1 1 0 0 0 1 0 1 0 1 1 1 1 
0 1 1 0 1 0 1 0 1 1 1 0 1 0 1 0 1 0 1 1 0 0 1 0 0 0 0 1 1 0 1 0 1 0 0 0 0 
1 0 1 0 1 0 1 0 1 1 1 0 0 0 0 0 1 0 1 0 1 0 1 1 1 1 0 1 1 0 0 0 0 1 0 0 1 
1 0 1 0 1 1 1 0 1 1 1 0 0 1 1 1 1 0 0 0 0 0 0 0 0 0 0 1 1 0 1 0 0 0 1 0 1 
0 0 0 1 1 0 0 1 1 1 0 1 1 0 1 1 0 1 1 1 0 1 0 0 0 0 1 0 1 1 1 1 1 1 1 0 0 
1 1 1 0 1 1 1 0 0 1 0 0 0 1 0 1 1 0 1 0 1 1 1 0 0 1 1 0 0 0 0 1 1 1 1 1 0 
0 1 1 1 1 1 0 1 1 1 0 1 1 0 1 0 0 1 1 1 1 1 1 1 1 0 0 0 1 1 1 1 0 0 1 0 1 
1 1 0 0 1 1 1 0 0 0 0 0 1 1 1 0 0 0 1 0 0 1 1 0 0 0 0 0 1 0 1 0 1 1 1 1 1 
0 1 1 0 1 1 1 0 0 1 0 0 0 0 1 0 1 1 0 1 1 1 1 0 0 1 1 0 0 0 1 1 1 0 1 0 0 
1 0 0 0 0 1 1 0 0 1 1 1 1 1 0 0 0 0 1 1 0 1 0 0 0 1 0 0 0 0 0 1 1 1 0 1 0 
1 0 0 0 1 1 1 0 1 0 0 0 1 0 0 0 0 0 0 1 0 0 1 1 1 1 0 0 1 1 0 0 1 0 0 1 1 
1 1 0 1 0 0 0 0 0 0 0 1 0 1 1 1 0 0 0 1 0 0 0 0 0 0 1 0 0 0 1 0 0 1 1 0 0 
0 0 0 0 0 1 1 1 1 0 1 1 0 1 0 0 1 0 0 0 1 0 0 0 1 0 0 0 0 0 0 0 0 1 0 0 0 
1 1 1 1 0 1 1 1 1 1 1 1 1 1 0 1 1 0 0 0 0 1 0 0 1 0 0 0 0 0 1 0 1 0 1 0 1 
1 1 0 0 0 1 0 1 0 1 1 0 0 1 1 1 1 1 0 1 0 1 1 0 0 1 0 0 1 0 0 0 1 0 0 0 0 
0 1 0 0 0 0 0 1 1 1 0 1 1 1 1 0 1 1 0 0 1 1 1 1 1 1 1 1 0 1 1 0 0 1 0 1 0 
0 0 1 1 1 0 1 0 1 1 1 1 0 0 0 1 1 0 0 1 1 1 1 0 1 1 0 0 0 1 0 0 0 0 0 1 0 
1 1 0 0 1 1 0 1 1 1 0 1 1 1 0 1 0 0 0 0 1 0 0 0 1 0 0 1 0 1 1 1 1 1 0 0 0 
0 1 0 0 1 1 1 1 0 0 1 0 0 1 1 1 1 0 0 0 0 1 0 0 0 0 1 0 0 1 0 0 0 0 0 1 0 
0 0 0 0 0 0 1 1 0 0 1 0 0 1 0 1 1 0 1 1 1 1 1 0 0 0 0 0 0 0 0 0 0 0 1 0 1 
0 0 1 0 1 1 0 0 1 1 1 0 0 1 1 0 0 0 0 0 0 0 1 0 1 1 1 1 0 1 0 0 1 1 0 0 0 
0 0 0 1 0 0 0 1 1 0 1 1 0 0 0 0 1 0 1 0 1 1 1 1 1 1 0 1 0 1 1 0 1 1 0 1 1 
0 0 1 0 0 0 0 0 0 0 1 1 0 1 0 1 0 1 0 0 0 1 0 1 1 0 0 0 0 0 0 0 0 1 0 0 1 
0 0 0 1 1 1 1 1 1 0 1 1 0 1 1 0 1 0 1 0 0 1 0 0 1 1 1 0 1 1 0 0 0 0 1 1 1 
0 0 0 0 0 1 0 1 0 0 1 0 1 1 1 1 1 1 0 0 0 1 0 0 1 0 0 1 1 1 0 1 0 0 1 0 0 
1 1 0 0 0 1 1 1 0 0 1 1 1 1 0 0 1 0 1 1 0 0 0 1 0 1 1 0 0 1 0 0 1 1 0 1 0 
1 1 0 0 0 1 1 1 1 1 1 1 0 0 1 0 1 1 0 0 0 0 1 0 1 1 1 0 1 0 0 0 1 0 0 1 1 
1 1 1 0 0 0 0 0 0 0 1 1 0 0 1 1 1 1 0 0 0 0 1 1 0 1 0 0 0 0 1 1 1 0 0 1 1 

M7 (37 x 45)
0 1 1 1 1 0 1 1 1 0 0 1 0 0 1 0 1 0 0 0 1 0 0 1 0 0 0 0 0 1 1 0 0 0 1 1 0 1 0 0 1 0 1 0 0 
0 0 1 1 1 0 0 1 0 1 1 0 1 0 0 0 1 1 0 0 0 0 0 1 0 0 1 1 1 1 1 0 1 1 1 0 1 1 0 1 0 1 0 1 1 
0 1 1 1 1 1 0 1 1 1 0 0 0 1 1 1 0 1 1 1 0 1 0 1 1 0 1 1 0 0 0 0 1 1 0 1 0 0 0 0 1 0 0 0 1 
1 1 0 1 0 1 1 0 0 1 1 0 0 0 0 1 1 0 0 0 0 1 1 0 0 1 0 0 1 0 0 0 1 0 1 0 1 1 0 1 0 1 1 0 0 
1 1 1 0 0 1 0 1 0 1 1 1 1 0 0 1 0 1 0 0 0 0 1 1 0 1 1 0 0 0 0 0 1 1 0 1 0 0 1 1 1 0 0 0 0 
1 1 0 0 0 0 0 0 0 0 1 1 1 1 1 1 1 1 1 0 1 0 0 0 1 1 1 0 0 0 0 1 1 1 1 1 1 1 0 1 1 1 0 1 0 
0 0 1 1 1 1 1 0 1 1 1 1 0 1 1 0 0 0 0 1 1 1 0 0 1 0 0 0 0 1 0 0 1 1 0 1 0 1 1 0 0 0 1 0 0 
0 1 0 0 1 1 1 0 1 1 0 1 1 0 0 0 1 0 0 0 0 1 1 1 0 1 1 0 0 0 0 0 1 0 0 0 1 1 0 1 0 0 0 0 1 
0 0 0 1 0 0 1 1 1 1 1 0 0 0 0 0 0 0 1 1 0 1 0 1 0 1 0 0 0 0 1 0 0 1 1 1 0 1 0 1 0 0 0 0 0 
0 1 0 1 0 1 1 0 0 1 0 1 1 0 1 1 0 0 1 1 1 0 1 0 1 1 0 1 1 1 1 1 0 1 0 0 1 0 0 1 1 0 0 0 1 
0 1 1 0 0 0 1 1 0 0 0 1 0 1 0 1 0 1 1 1 0 0 0 0 0 1 1 1 0 1 0 0 0 1 0 0 1 1 1 1 1 1 0 0 0 
0 1 0 0 1 0 0 1 0 0 1 0 1 0 0 0 0 0 0 1 0 0 1 1 0 0 1 1 1 1 0 1 0 0 1 1 0 1 0 1 1 0 1 0 0 
1 0 1 1 0 0 1 1 1 0 1 0 1 0 1 0 0 0 1 1 0 0 1 1 1 0 1 1 1 1 1 0 0 0 1 0 1 0 1 0 1 0 0 0 1 
1 1 1 0 0 0 0 0 0 1 1 0 0 0 0 0 0 0 0 0 0 0 1 0 0 0 1 0 0 0 1 0 1 1 0 1 1 0 1 1 1 1 0 0 1 
0 0 1 0 0 0 0 0 1 1 0 1 0 1 0 0 0 0 1 1 0 0 1 0 0 0 1 1 0 1 0 0 1 0 1 1 0 1 0 1 0 0 1 1 1 
1 1 0 1 1 1 1 1 0 1 1 1 0 0 1 0 1 0 1 1 1 1 1 0 1 0 1 1 1 0 1 0 1 1 1 0 0 0 0 1 1 1 0 0 0 
1 0 1 1 1 0 0 0 1 1 1 1 0 1 1 0 0 1 1 1 1 0 1 1 0 0 1 1 0 1 1 0 1 0 1 0 0 0 1 1 1 0 1 1 1 
0 1 1 1 0 0 0 0 0 0 0 0 1 0 1 0 1 1 1 0 0 1 0 0 0 0 1 1 1 0 0 1 1 0 0 0 0 1 0 0 1 1 1 0 1 
0 0 0 1 1 0 1 0 1 0 1 1 1 0 0 0 0 1 1 0 1 1 1 0 0 1 1 1 0 1 0 0 1 0 1 0 1 1 1 0 1 0 1 0 0 
1 0 0 0 0 1 1 1 0 0 1 1 1 0 0 1 0 0 0 1 0 1 0 1 0 0 0 0 1 0 0 0 1 0 0 1 1 1 0 1 1 0 1 1 0 
1 0 1 1 0 0 1 1 0 0 1 0 0 1 1 1 1 1 0 0 1 1 1 0 1 1 0 1 0 1 0 1 1 1 0 1 1 0 1 1 0 0 1 1 0 
0 0 1 1 0 1 0 1 1 0 0 0 0 0 0 1 0 1 0 1 1 0 0 1 1 1 0 1 0 1 1 0 1 1 1 1 0 1 0 1 1 0 1 0 0 
1 1 0 0 0 1 0 0 1 1 1 0 1 0 0 0 0 0 1 1 1 0 1 0 0 1 0 1 0 0 1 0 1 0 0 1 1 0 1 1 0 0 1 1 1 
0 0 1 0 1 0 0 0 1 0 0 0 0 1 1 0 1 1 0 1 1 1 0 0 1 1 0 1 1 1 0 1 1 1 1 1 1 1 1 1 0 1 1 0 1 
0 1 0 1 1 1 1 0 1 1 1 1 1 1 0 0 1 1 0 1 0 1 0 0 0 1 0 1 1 0 0 1 1 0 1 0 1 0 1 1 1 0 0 0 1 
0 0 1 1 0 0 1 1 0 1 1 0 1 1 1 0 1 0 1 0 1 0 1 1 1 0 0 1 0 0 1 0 1 0 1 1 0 1 1 0 0 0 0 0 1 
1 0 1 0 1 1 1 1 0 1 0 1 1 0 1 0 1 0 1 1 1 0 1 0 1 1 1 0 0 1 1 1 1 0 1 0 1 1 0 0 0 0 1 1 0 
0 1 1 0 0 0 0 1 1 0 0 1 1 0 1 0 0 0 1 0 0 0 0 1 0 0 1 0 1 0 1 1 0 0 0 0 1 0 1 0 0 0 1 0 0 
0 0 0 1 0 1 1 0 1 0 0 1 1 0 0 1 1 1 1 0 1 0 1 1 1 1 0 1 1 0 0 1 0 0 0 0 1 1 0 0 1 0 1 0 1 
1 0 0 1 1 0 0 1 1 0 1 1 0 0 0 0 0 1 0 1 0 1 0 1 1 1 1 0 0 1 1 0 1 1 1 1 0 1 0 1 1 1 0 1 0 
0 1 0 0 0 1 0 1 0 1 0 1 0 0 1 0 1 1 1 1 0 0 1 0 1 0 1 0 1 1 0 1 0 1 1 0 0 1 1 0 1 0 1 1 0 
1 1 0 0 1 1 1 1 0 1 0 0 0 1 1 1 1 1 0 0 0 0 1 0 0 1 1 0 1 0 0 0 0 0 0 1 1 1 0 1 0 1 0 1 0 
1 0 1 0 0 0 1 1 1 1 1 0 0 1 1 0 1 1 0 0 0 1 1 1 0 1 0 1 1 1 1 0 1 0 1 0 0 0 1 1 1 0 0 1 1 
1 1 0 1 0 0 1 1 0 0 1 1 0 0 0 1 1 0 1 0 1 1 0 1 0 0 0 0 0 1 1 1 1 1 0 1 0 1 0 0 0 0 1 0 0 
1 0 0 1 1 0 1 0 0 0 0 0 1 0 0 0 1 0 1 0 0 0 0 0 1 0 0 1 1 0 1 0 0 1 0 1 1 1 1 0 1 1 0 0 1 
1 1 0 1 0 1 1 1 1 1 0 0 1 1 1 0 0 0 0 0 0 0 1 1 1 1 0 1 0 1 0 1 0 1 0 0 0 1 1 1 1 1 1 0 0 
1 0 1 1 1 1 1 1 0 0 0 0 0 1 0 1 0 1 1 1 1 0 1 0 1 0 1 1 0 0 1 1 0 0 0 1 1 1 0 0 1 1 0 1 0 

M8 (45 x 25)
0 1 0 1 0 1 0 0 0 0 0 1 0 1 1 0 0 0 0 1 0 0 0 1 0 
0 0 1 0 1 0 0 0 0 1 1 0 1 1 0 0 1 1 0 0 0 0 1 0 0 
0 0 0 0 1 1 1 1 0 1 1 0 0 1 1 1 0 1 1 0 1 1 1 1 1 
0 1 1 1 0 1 1 0 0 1 0 1 0 1 1 0 0 0 0 0 1 1 0 0 0 
0 1 1 0 0 0 0 0 1 1 0 1 0 0 1 1 0 0 0 0 1 0 0 1 0 
0 0 1 1 0 0 1 0 1 1 0 0 1 0 1 0 0 0 0 1 1 0 1 1 0 
1 1 0 0 0 0 0 1 1 1 1 1 1 1 1 0 0 1 0 0 0 0 1 1 1 
0 0 1 1 0 1 1 1 1 1 1 1 1 0 0 1 0 0 0 1 1 0 1 0 0 
0 0 1 1 1 0 1 0 1 0 0 0 1 1 1 0 0 0 0 1 0 1 1 0 1 
0 1 1 0 1 0 0 0 1 1 1 1 0 1 0 0 1 0 0 0 1 0 1 1 0 
0 1 1 1 0 0 1 1 0 1 1 0 1 1 1 0 0 0 0 0 0 1 1 0 1 
0 1 1 1 0 0 1 1 1 0 1 0 1 1 0 1 0 0 0 1 1 1 1 1 1 
1 1 0 1 1 1 1 0 1 0 0 1 1 1 0 1 1 0 0 0 0 1 0 0 0 
1 1 1 0 0 0 0 1 1 1 0 0 0 0 1 0 0 0 1 0 1 0 1 1 0 
1 0 0 1 0 0 0 0 1 0 0 1 0 0 0 1 0 1 1 1 0 1 1 1 0 
1 0 0 0 1 1 1 1 1 0 0 1 0 0 0 1 0 1 1 0 0 1 1 1 0 
0 1 0 1 0 0 1 0 1 1 0 0 1 1 1 1 1 0 0 1 0 1 0 1 0 
0 1 1 1 0 0 1 0 0 1 0 0 0 1 1 1 1 1 0 0 0 0 0 0 0 
1 0 1 1 0 1 0 1 1 1 0 1 1 0 1 0 0 1 0 1 1 1 0 0 0 
1 1 0 1 1 0 0 0 1 0 0 0 0 1 1 1 1 0 0 1 1 0 0 1 0 
1 0 0 0 0 0 1 1 0 0 1 0 0 1 1 0 1 1 0 0 1 0 0 1 0 
1 1 1 1 0 1 1 0 1 1 0 1 0 0 1 0 1 1 0 0 0 1 1 0 1 
1 1 1 1 0 0 1 1 1 0 1 0 1 1 0 0 0 1 0 0 1 0 1 0 1 
1 1 0 0 1 1 1 0 1 1 0 1 0 0 0 0 1 0 0 1 0 0 1 0 1 
1 1 1 0 1 0 1 0 0 1 1 0 0 1 1 1 0 0 1 0 0 0 1 0 0 
0 1 0 1 1 1 0 0 1 0 1 1 1 0 0 0 1 0 1 1 1 0 1 1 0 
1 1 0 0 1 0 1 0 0 0 1 0 1 1 1 1 1 0 1 1 0 1 0 0 0 
1 1 1 0 0 1 1 1 1 0 1 1 1 1 1 1 1 1 0 0 0 0 1 1 1 
0 1 0 1 0 1 0 1 0 1 0 1 0 1 0 0 0 1 1 0 0 1 1 0 1 
1 0 1 1 1 0 1 1 1 0 1 0 1 0 0 0 0 1 0 0 1 1 0 0 0 
0 0 1 1 0 1 1 1 0 0 0 1 1 1 0 0 0 0 1 1 0 1 1 1 1 
1 0 0 0 0 1 0 0 0 0 1 1 1 0 0 1 0 1 0 0 1 0 0 1 1 
1 1 0 1 0 0 0 0 0 0 0 1 1 0 0 1 1 1 0 1 1 1 0 0 1 
0 1 0 0 0 1 0 1 0 1 1 0 1 1 0 0 1 0 1 0 0 0 1 1 0 
1 1 1 1 1 0 1 1 0 1 1 0 1 1 0 0 0 0 0 0 0 0 1 0 1 
1 0 1 1 0 1 0 1 0 1 0 0 0 1 1 1 1 1 1 0 1 1 0 1 1 
0 1 1 0 0 0 1 0 1 0 0 0 0 1 0 1 0 1 1 1 0 1 0 1 0 
0 0 1 1 1 1 1 0 0 1 0 1 1 1 0 1 1 1 0 1 1 1 1 0 1 
0 0 0 1 1 0 1 1 1 0 0 0 0 1 1 1 1 0 0 0 0 0 0 1 0 
1 1 1 0 1 0 0 0 0 1 1 0 1 1 0 1 1 0 1 0 1 1 0 1 1 
0 0 1 0 1 1 1 0 1 1 0 1 0 0 0 1 1 0 0 0 0 0 0 1 1 
0 0 0 0 0 0 1 0 1 1 1 1 1 0 0 0 0 1 0 0 1 0 1 0 0 
0 0 0 0 1 0 0 0 0 1 0 0 0 0 0 1 1 1 0 1 1 1 1 0 1 
1 0 1 1 0 0 1 0 0 1 0 0 1 0 1 0 0 1 0 0 1 0 1 0 0 
1 1 1 0 0 1 0 0 0 1 0 0 0 0 1 1 0 1 0 0 0 1 0 0 1 

M9 (25 x 30)
0 1 1 0 0 0 1 1 1 1 1 0 1 1 1 0 1 1 0 0 0 1 0 0 0 1 0 1 1 0 
0 0 0 0 0 0 0 1 1 1 0 1 0 0 0 1 0 0 0 1 0 1 0 0 1 0 1 1 1 1 
0 0 1 0 0 1 0 0 0 1 1 0 0 1 0 1 0 1 1 1 0 1 0 0 1 1 1 1 0 0 
0 0 0 1 0 0 0 0 0 0 0 0 0 0 1 1 1 0 0 0 1 0 1 1 0 1 0 1 0 0 
0 0 1 0 1 1 1 1 0 1 1 0 1 1 0 1 0 0 1 0 0 0 0 0 1 1 1 1 0 1 
1 0 1 0 1 0 0 0 1 0 1 0 0 1 1 0 0 0 0 1 0 1 1 1 1 0 0 0 1 0 
1 0 1 0 1 0 0 1 0 1 1 1 1 1 0 0 1 0 0 0 1 1 1 0 0 0 0 0 0 1 
0 1 0 1 1 1 1 1 0 1 0 1 1 1 0 1 1 1 0 0 1 1 1 0 0 1 0 0 1 0 
0 1 1 0 1 0 1 0 1 1 0 1 0 1 0 0 0 0 1 0 0 1 0 1 1 0 0 0 0 1 
0 0 0 0 0 1 0 1 0 0 0 0 1 0 1 0 0 1 0 0 0 0 1 0 1 0 0 1 0 0 
0 1 1 0 1 1 0 1 1 0 1 1 0 1 0 1 1 0 0 1 0 0 1 1 0 0 0 0 1 0 
1 1 1 0 1 0 1 1 0 0 1 1 0 1 0 0 0 1 0 1 0 1 1 1 0 0 1 0 0 0 
1 1 1 0 1 1 1 1 0 1 1 0 0 1 1 1 1 0 0 0 1 1 1 0 0 1 0 0 0 1 
0 1 0 0 1 0 1 0 1 1 1 0 1 0 0 1 1 1 1 1 1 0 0 0 0 1 0 1 1 0 
0 1 1 0 1 0 0 0 1 1 0 0 0 1 0 0 0 1 1 1 1 1 1 1 1 0 0 1 1 1 
1 1 1 0 1 0 1 0 1 0 1 1 0 1 0 1 1 1 0 1 0 1 0 0 1 1 0 1 1 1 
1 0 0 0 1 1 0 0 1 1 0 1 0 0 0 1 1 0 0 0 1 0 1 1 0 0 0 0 0 1 
1 1 0 1 1 1 1 1 1 0 1 1 1 1 1 0 0 1 0 0 1 1 1 0 0 1 1 0 0 1 
0 1 0 0 1 1 1 0 0 0 0 1 1 0 1 0 0 1 1 0 0 0 1 1 1 1 0 0 1 0 
1 1 0 1 1 1 0 0 1 0 0 1 0 1 1 1 0 1 0 1 1 0 0 0 1 1 1 0 1 1 
0 0 0 0 1 0 1 1 0 0 1 1 0 1 0 1 0 0 1 1 0 0 1 0 1 1 1 0 1 0 
1 1 0 0 0 1 0 1 0 0 0 1 1 0 1 0 1 1 0 0 0 0 1 0 0 0 1 1 0 0 
1 0 1 1 0 1 0 0 1 0 0 1 0 0 1 1 0 0 0 0 1 1 1 0 1 1 0 0 1 0 
0 0 0 1 0 0 1 0 0 0 1 1 1 1 1 0 0 1 0 0 1 1 1 0 1 0 0 1 0 1 
0 0 1 0 0 1 1 1 0 1 1 1 0 0 0 1 0 0 0 0 0 0 0 0 0 1 0 0 1 1 

M10 (30 x 23)
1 1 1 1 1 1 0 0 0 0 0 1 1 0 1 1 0 1 1 0 0 0 0 
0 0 1 1 0 1 0 1 1 1 1 0 1 0 0 1 1 1 1 0 0 0 0 
0 0 1 1 0 1 1 1 1 1 0 1 0 1 1 1 0 1 0 0 0 1 1 
1 0 0 1 0 0 1 0 0 1 0 0 1 1 1 0 1 1 0 0 1 0 1 
0 0 0 1 1 0 0 0 0 0 0 1 0 0 0 1 1 1 1 1 0 0 0 
1 1 1 1 1 0 1 1 1 0 1 0 1 0 0 1 0 0 1 1 0 1 1 
1 0 0 0 1 0 1 0 1 0 1 1 0 0 0 1 1 0 0 1 1 0 1 
0 0 1 1 1 1 1 0 1 1 0 1 1 1 0 1 0 1 0 1 1 0 0 
0 1 0 0 0 0 1 1 0 1 0 0 1 0 1 1 1 0 0 0 1 1 1 
0 1 0 1 1 1 1 1 1 1 1 1 1 1 0 1 0 0 1 0 1 1 1 
0 0 1 0 1 1 1 0 1 1 0 0 0 1 0 1 0 1 0 1 0 0 0 
1 0 0 1 0 1 0 1 1 1 0 0 0 1 1 0 1 0 0 1 0 1 1 
1 1 0 0 0 1 0 0 0 0 0 1 0 1 0 1 1 1 1 1 1 1 0 
1 0 1 1 1 1 0 1 1 1 1 1 1 0 1 0 1 1 0 0 1 0 0 
0 1 1 1 0 0 0 0 1 0 1 0 0 1 0 1 0 1 0 1 1 1 0 
1 0 1 1 0 0 1 1 0 0 0 1 0 1 0 1 0 0 0 1 0 1 1 
1 1 1 0 0 0 1 0 1 1 1 0 1 1 0 0 1 0 1 1 1 0 1 
0 0 1 0 1 0 0 1 1 1 0 1 0 0 0 0 1 1 0 1 1 1 1 
1 1 0 0 0 1 0 1 1 1 0 1 0 0 1 1 0 1 1 1 1 1 0 
1 0 1 1 0 0 1 1 0 0 1 0 0 0 1 1 1 0 1 1 0 0 0 
0 0 1 1 1 0 1 1 0 1 1 1 1 1 0 1 1 0 0 0 0 1 1 
1 0 1 1 1 1 1 0 1 1 1 1 0 0 0 0 0 1 1 1 1 0 0 
0 0 0 0 0 1 1 1 0 0 0 1 1 1 0 1 1 1 1 0 0 1 0 
0 1 1 1 0 0 1 0 0 1 1 1 1 0 0 0 0 0 0 0 0 0 0 
1 1 0 0 1 0 1 1 0 0 0 1 1 1 0 1 1 0 0 0 1 0 1 
0 1 1 0 1 1 0 1 1 1 1 1 0 1 1 1 1 1 0 0 0 1 1 
0 0 1 0 1 0 1 0 0 0 1 1 1 1 1 0 0 1 0 1 1 1 0 
1 1 0 1 1 0 0 0 0 0 1 1 1 0 0 1 0 0 1 1 1 0 1 
1 0 0 1 1 1 1 0 0 0 0 1 1 0 1 0 1 0 1 0 1 1 0 
1 0 0 0 1 1 0 0 0 0 0 0 1 0 1 1 0 1 1 0 0 0 1 

The least number of multiplications are: 21129
The optimal order of parentheses is: ((((((((M1M2)M3)M4)M5)M6)M7)M8)M9)


Resultant Matrix (from method 3 - MCM and Regular): (3 x 23)
8 8 5 4 5 4 9 6 7 5 7 6 10 8 8 8 6 7 8 7 8 6 5 
7 10 2 5 6 6 10 7 7 8 6 7 9 9 9 10 6 8 9 6 8 7 8 
7 8 1 3 3 4 5 4 3 4 6 6 9 5 7 6 5 4 4 4 7 4 6 
