ItCount InsSort		SelSort
1       0.000000        0.000000
2       0.000000        0.000000
3       0.000000        0.000000
4       0.000000        0.000000
5       0.000000        0.000000
6       0.005000        0.000000
7       0.000000        0.000000
8       0.000000        0.000000
9       0.009000        0.000000
10      0.002000        0.000000
11      0.000000        0.000000
12      0.008000        0.000000
13      0.000000        0.000000
14      0.000000        0.001000
15      0.004000        0.007000
16      0.009000        0.000000
17      0.007000        0.003000
18      0.006000        0.004000
19      0.011000        0.000000
20      0.008000        0.011000
21      0.008000        0.003000
22      0.009000        0.005000
23      0.007000        0.008000
24      0.007000        0.018000
25      0.008000        0.009000
26      0.001000        0.009000
27      0.010000        0.011000
28      0.007000        0.010000
29      0.012000        0.010000
30      0.014000        0.010000
31      0.017000        0.008000
32      0.018000        0.009000
33      0.016000        0.010000
34      0.017000        0.008000
35      0.017000        0.014000
36      0.017000        0.017000
37      0.008000        0.016000
38      0.009000        0.016000
39      0.018000        0.017000
40      0.025000        0.016000
41      0.028000        0.026000
42      0.021000        0.015000
43      0.019000        0.022000
44      0.021000        0.025000
45      0.025000        0.025000
46      0.034000        0.020000
47      0.021000        0.030000
48      0.024000        0.029000
49      0.027000        0.030000
50      0.025000        0.030000
51      0.034000        0.032000
52      0.031000        0.035000
53      0.032000        0.034000
54      0.055000        0.036000
55      0.049000        0.048000
56      0.024000        0.040000
57      0.047000        0.040000
58      0.025000        0.059000
59      0.043000        0.050000
60      0.024000        0.061000
61      0.041000        0.064000
62      0.043000        0.074000
63      0.053000        0.054000
64      0.033000        0.052000
65      0.060000        0.052000
66      0.047000        0.051000
67      0.063000        0.053000
68      0.067000        0.077000
69      0.055000        0.096000
70      0.058000        0.057000
71      0.069000        0.064000
72      0.060000        0.066000
73      0.090000        0.074000
74      0.031000        0.064000
75      0.062000        0.068000
76      0.058000        0.062000
77      0.063000        0.057000
78      0.070000        0.097000
79      0.079000        0.066000
80      0.063000        0.086000
81      0.078000        0.068000
82      0.062000        0.084000
83      0.064000        0.076000
84      0.046000        0.065000
85      0.088000        0.082000
86      0.067000        0.083000
87      0.077000        0.080000
88      0.056000        0.101000
89      0.100000        0.080000
90      0.092000        0.107000
91      0.125000        0.083000
92      0.097000        0.113000
93      0.089000        0.126000
94      0.106000        0.095000
95      0.095000        0.095000
96      0.078000        0.099000
97      0.155000        0.134000
98      0.152000        0.115000
99      0.117000        0.133000
100     0.151000        0.151000
101     0.066000        0.129000
102     0.122000        0.128000
103     0.125000        0.134000
104     0.094000        0.131000
105     0.101000        0.118000
106     0.105000        0.114000
107     0.093000        0.115000
108     0.161000        0.127000
109     0.163000        0.123000
110     0.126000        0.118000
111     0.065000        0.134000
112     0.148000        0.119000
113     0.146000        0.136000
114     0.063000        0.124000
115     0.062000        0.130000
116     0.071000        0.142000
117     0.141000        0.142000
118     0.089000        0.135000
119     0.065000        0.154000
120     0.155000        0.153000
121     0.150000        0.155000
122     0.153000        0.151000
123     0.158000        0.142000
124     0.153000        0.152000
125     0.120000        0.179000
126     0.198000        0.193000
127     0.399000        0.495000
128     0.440000        0.308000
129     0.530000        0.534000
130     0.569000        0.594000
131     0.557000        0.576000
132     0.407000        0.558000
133     0.647000        0.600000
134     0.389000        0.634000
135     0.321000        0.645000
136     0.436000        0.635000
137     0.523000        0.452000
138     0.671000        0.524000
139     0.403000        0.538000
140     0.553000        0.558000
141     0.403000        0.473000
142     0.398000        0.403000
143     0.463000        0.470000
144     0.368000        0.668000
145     0.602000        0.574000
146     0.673000        0.710000
147     0.560000        0.735000
148     0.601000        0.681000
149     0.810000        0.467000
150     0.389000        0.774000
151     0.651000        0.767000
152     0.568000        0.801000
153     0.733000        0.759000
154     0.713000        0.819000
155     0.530000        0.790000
156     0.473000        0.838000
157     0.501000        0.808000
158     0.914000        0.875000
159     0.549000        0.854000
160     0.895000        0.886000
161     0.444000        0.833000
162     0.960000        0.840000
163     0.833000        0.921000
164     0.552000        0.919000
165     0.577000        0.948000
166     0.818000        0.883000
167     0.993000        0.964000
168     1.002000        0.984000
169     0.127000        0.413000
170     0.141000        0.288000
171     0.302000        0.307000
172     0.141000        0.279000
173     0.141000        0.277000
174     0.141000        0.307000
175     0.306000        0.321000
176     0.142000        0.301000
177     0.309000        0.308000
178     0.141000        0.315000
179     0.314000        0.330000
180     0.231000        0.328000
181     0.170000        0.314000
182     0.153000        0.338000
183     0.161000        0.309000
184     0.331000        0.330000
185     0.347000        0.328000
186     0.335000        0.339000
187     0.158000        0.335000
188     0.157000        0.341000
189     0.186000        0.359000
190     0.157000        0.347000
191     0.173000        0.341000
192     0.172000        0.358000
193     0.377000        0.357000
194     0.385000        0.365000
195     0.375000        0.378000
196     0.376000        0.376000
197     0.184000        0.369000
198     0.187000        0.367000
199     0.188000        0.388000
200     0.403000        0.372000
201     0.210000        0.398000
202     0.422000        0.433000
203     0.419000        0.434000
204     0.188000        0.425000
205     0.433000        0.426000
206     0.378000        0.421000
207     0.421000        0.422000
208     0.223000        0.413000
209     0.476000        0.505000
210     0.462000        0.508000
211     0.438000        0.453000
212     0.203000        0.450000
213     0.200000        0.446000
214     0.215000        0.464000
215     0.220000        0.432000
216     0.225000        0.457000
217     0.214000        0.449000
218     0.235000        0.444000
219     0.422000        0.475000
220     0.216000        0.465000
221     0.233000        0.463000
222     0.230000        0.476000
223     0.231000        0.477000
224     0.233000        0.480000
225     0.234000        0.509000
226     0.235000        0.484000
227     0.348000        0.486000
228     0.422000        0.550000
229     0.526000        0.521000
230     0.236000        0.552000
231     0.254000        0.530000
232     0.357000        0.647000
233     0.573000        0.537000
234     0.549000        0.540000
235     0.267000        0.541000
236     0.408000        0.572000
237     0.259000        0.576000
238     0.943000        0.547000
239     1.508000        1.694000
240     1.325000        1.826000
241     1.108000        1.915000
242     1.367000        1.616000
243     1.894000        1.737000
244     1.383000        2.075000
245     1.935000        2.055000
246     1.419000        2.087000
247     1.835000        2.081000
248     1.374000        2.041000
249     2.056000        1.998000
250     1.413000        2.057000
251     1.777000        2.127000
252     1.739000        2.114000
253     1.496000        2.009000
254     1.216000        2.173000
255     1.633000        2.140000
256     1.837000        2.233000
257     1.978000        2.268000
258     2.407000        2.267000
259     1.727000        2.282000
260     2.460000        2.283000
261     1.195000        2.327000
262     1.519000        2.304000
263     2.193000        2.320000
264     1.885000        2.137000
265     2.005000        2.413000
266     2.098000        2.446000
267     1.537000        2.437000
268     1.396000        2.473000
269     1.977000        2.402000
270     1.664000        2.519000
271     2.175000        2.527000
272     2.573000        2.563000
273     2.424000        2.554000
274     2.442000        2.509000
275     2.532000        2.584000
276     2.018000        2.607000
277     1.436000        2.666000
278     2.328000        2.679000
279     1.885000        2.667000
280     1.965000        2.655000
281     2.224000        2.573000
282     0.781000        2.269000
283     0.423000        0.781000
284     1.968000        2.599000
285     1.816000        1.682000
286     2.183000        2.598000
287     1.641000        2.787000
288     2.162000        2.343000
289     2.564000        2.756000
290     2.428000        2.803000
291     1.775000        2.905000
292     2.547000        2.950000
293     2.691000        2.816000
294     1.594000        2.845000
295     2.013000        2.859000
296     1.683000        3.015000
297     1.493000        2.873000
298     1.746000        2.980000
299     2.375000        3.012000
300     3.144000        3.055000
301     2.468000        2.965000
302     3.027000        2.896000
303     3.248000        3.112000
304     2.235000        3.128000
305     2.665000        3.188000
306     1.869000        3.217000
307     2.822000        3.126000
308     2.543000        2.987000
309     2.150000        2.333000
310     2.510000        2.638000
311     2.862000        3.109000
312     2.147000        3.195000
313     1.527000        3.284000
314     2.443000        2.930000
315     2.373000        3.250000
316     2.125000        3.418000
317     2.417000        3.239000
318     3.073000        3.413000
319     3.042000        3.429000
320     3.359000        3.478000
321     1.745000        3.445000
322     3.086000        3.463000
323     2.144000        3.532000
324     2.539000        3.568000
325     2.273000        3.559000
326     3.370000        3.658000
327     1.968000        3.602000
328     2.329000        3.682000
329     2.548000        3.666000
330     2.524000        3.732000
331     2.783000        3.742000
332     2.299000        3.820000
333     3.533000        3.564000
334     2.915000        3.752000
335     2.619000        3.839000
336     3.596000        3.844000
337     2.753000        3.835000
338     3.238000        3.960000
339     2.266000        3.965000
340     2.791000        3.917000
341     0.547000        1.376000
342     2.712000        3.348000
343     3.492000        2.549000
344     3.290000        3.939000
345     3.449000        3.960000
346     2.958000        4.074000
347     2.396000        4.056000
348     2.688000        3.990000
349     3.816000        4.120000
350     2.634000        4.165000
351     3.754000        4.217000
352     3.395000        4.128000
353     3.015000        4.270000
354     3.584000        4.238000
355     3.308000        4.278000
356     0.593000        1.769000
357     3.052000        3.835000
358     2.920000        2.956000
359     3.109000        4.080000
360     3.012000        2.866000
361     1.439000        4.448000
362     1.180000        1.529000
363     0.623000        1.324000
364     1.038000        1.320000
365     0.644000        1.378000
366     1.260000        1.331000
367     1.361000        1.321000
368     0.961000        1.324000
369     1.314000        1.377000
370     0.700000        1.327000
371     1.381000        1.325000
372     1.419000        1.327000
373     0.648000        1.345000
374     0.660000        1.336000
375     0.988000        1.354000
376     0.660000        1.465000
377     1.469000        1.364000
378     0.799000        1.411000
379     1.168000        1.457000
380     1.366000        1.376000
381     1.107000        1.390000
382     1.459000        1.492000
383     1.651000        1.596000
384     3.411000        3.051000
385     3.200000        4.586000
386     3.629000        5.041000
387     3.735000        5.091000
388     3.459000        5.130000
389     1.704000        4.740000
390     3.711000        3.298000
391     3.324000        3.935000
392     4.631000        5.157000
393     4.835000        3.497000
394     1.126000        3.712000
395     2.970000        5.058000
396     2.396000        5.249000
397     3.426000        3.458000
398     4.197000        4.013000
399     4.298000        5.315000
400     3.915000        4.636000
401     3.538000        3.654000
402     2.125000        4.790000
403     4.070000        3.706000
404     5.030000        5.296000
405     4.681000        5.580000
406     4.895000        5.580000
407     5.024000        5.578000
408     4.812000        5.305000
409     4.883000        5.706000
410     5.637000        5.794000
411     5.088000        5.727000
412     5.409000        5.889000
413     3.782000        5.929000
414     4.561000        5.918000
415     3.762000        5.274000
416     3.946000        4.033000
417     5.135000        5.306000
418     5.187000        6.317000
419     1.946000        6.248000
420     1.042000        1.748000
421     1.899000        1.824000
422     1.475000        1.795000
423     1.771000        1.749000
424     1.503000        1.818000
425     1.229000        1.722000
426     1.540000        1.874000
427     0.867000        1.801000
428     4.264000        3.691000
429     1.961000        2.083000
430     0.879000        1.786000
431     1.847000        1.889000
432     1.846000        1.856000
433     0.902000        1.845000
434     1.916000        1.874000
435     1.297000        1.822000
436     0.898000        1.858000
437     1.677000        1.854000
438     1.957000        1.955000
439     0.929000        1.881000
440     0.920000        1.919000
441     0.915000        1.918000
442     1.742000        1.998000
443     1.993000        1.982000
444     0.941000        1.902000
445     2.127000        1.953000
446     1.429000        2.124000
447     0.950000        1.975000
448     1.607000        1.999000
449     1.045000        1.967000
450     1.891000        1.991000
451     1.950000        2.014000
452     1.097000        1.960000
453     2.161000        2.108000
454     1.955000        2.053000
455     2.099000        2.043000
456     1.913000        2.021000
457     1.186000        2.001000
458     1.792000        2.196000
459     2.107000        2.113000
460     1.003000        2.005000
461     1.318000        2.061000
462     2.273000        2.172000
463     1.268000        2.465000
464     2.205000        2.104000
465     2.182000        2.183000
466     1.985000        2.141000
467     1.027000        2.158000
468     2.224000        2.150000
469     1.818000        2.108000
470     2.251000        2.138000
471     2.255000        2.273000
472     2.243000        2.183000
473     1.543000        2.220000
474     1.067000        2.181000
475     2.285000        2.207000
476     2.164000        2.276000
477     1.076000        2.238000
478     2.311000        2.249000
479     1.686000        2.247000
480     1.869000        2.267000
481     1.880000        2.494000
482     2.434000        2.338000
483     2.445000        2.276000
484     1.611000        2.273000
485     1.836000        2.255000
486     1.348000        2.276000
487     1.250000        2.307000
488     1.119000        2.266000
489     1.243000        2.268000
490     2.410000        2.284000
491     2.432000        2.310000
492     1.141000        2.391000
493     2.460000        2.351000
494     1.155000        2.355000
495     1.145000        2.422000
496     1.161000        2.403000
497     2.504000        2.386000
498     1.163000        2.463000
499     1.407000        2.404000
500     2.487000        2.455000
501     2.525000        2.550000
502     1.286000        2.498000
503     1.242000        2.542000
504     1.204000        2.483000
505     1.397000        2.489000
506     2.612000        2.656000
507     1.338000        2.528000
508     1.321000        2.489000
509     2.617000        2.576000
510     2.674000        2.643000
511     2.641000        2.496000
512     1.248000        2.609000
513     2.531000        2.697000
514     1.254000        2.575000
515     1.331000        2.583000
516     2.611000        2.541000
517     2.009000        2.542000
518     2.655000        2.577000
519     1.297000        2.713000
520     2.333000        2.673000
521     2.695000        2.680000
522     1.910000        2.618000
523     2.372000        2.627000
524     2.752000        2.597000
525     1.298000        2.603000
526     1.302000        2.625000
527     1.309000        2.617000
528     1.299000        2.639000
529     2.745000        2.646000
530     2.566000        2.732000
531     2.732000        2.697000
532     2.318000        2.843000
533     1.342000        3.124000
534     1.333000        2.694000
535     2.846000        2.712000
536     2.099000        2.769000
537     1.754000        2.731000
538     86.879000       2.725000
539     4.344000        4.773000
540     3.449000        3.585000
541     2.798000        3.576000
542     2.653000        3.337000
543     2.891000        3.228000
544     2.672000        3.117000
545     2.766000        3.115000
546     2.610000        3.102000
547     1.797000        3.091000
548     2.756000        3.059000
549     2.211000        3.099000
550     2.907000        3.000000
551     2.520000        3.080000
552     2.895000        5.003000
553     1.723000        3.354000
554     1.739000        3.329000
555     3.001000        3.315000
556     1.513000        3.354000
557     2.622000        3.089000
558     3.215000        3.028000
559     2.318000        3.475000
560     2.740000        3.108000
561     2.539000        2.998000
562     2.866000        3.124000
563     2.891000        3.241000
564     3.318000        3.278000
565     2.208000        3.081000
566     5.937000        3.101000
567     9.021000        10.665000
568     9.941000        11.209000
569     9.522000        10.918000
570     2.789000        7.958000
571     8.646000        8.977000
572     9.095000        11.162000
573     9.237000        11.241000
574     10.948000       11.598000
575     8.540000        10.752000
576     8.397000        10.323000
577     8.251000        10.102000
578     10.304000       10.437000
579     8.082000        10.776000
580     9.871000        10.235000
581     9.809000        10.276000
582     9.220000        11.008000
583     9.699000        11.576000
584     9.158000        11.612000
585     9.848000        11.440000
586     9.803000        11.110000
587     9.120000        11.318000
588     9.310000        11.352000
589     8.974000        11.763000
590     10.287000       11.250000
591     9.775000        9.750000
592     9.650000        11.262000
593     9.096000        10.104000
594     10.097000       11.432000
595     3.941000        7.729000
596     4.025000        4.239000
597     3.719000        4.127000
598     3.839000        4.331000
599     4.221000        4.363000
600     4.284000        4.298000
601     4.266000        4.500000
602     3.881000        4.422000
603     4.164000        4.380000
604     4.019000        4.262000
605     4.045000        4.538000
606     3.823000        4.310000
607     3.803000        4.340000
608     4.234000        4.528000
609     3.923000        4.460000
610     3.893000        4.701000
611     4.064000        4.344000
612     4.038000        4.551000
613     4.548000        5.091000
614     4.212000        4.817000
615     3.709000        4.432000
616     4.100000        4.603000
617     3.544000        4.444000
618     4.010000        4.408000
619     4.195000        4.533000
620     4.622000        4.689000
621     4.202000        5.234000
622     4.796000        4.766000
623     4.147000        4.730000
624     4.157000        4.627000
625     4.251000        4.550000
626     4.405000        4.687000
627     4.714000        5.165000
628     4.550000        5.302000
629     4.846000        4.804000
630     5.622000        5.192000
631     4.692000        6.207000
632     5.725000        5.500000
633     5.383000        5.279000
634     4.545000        5.873000
635     3.969000        4.256000
636     3.966000        4.681000
637     3.879000        4.407000
638     4.226000        4.048000
639     3.695000        4.092000
640     4.030000        4.341000
641     3.791000        4.403000
642     4.135000        4.459000
643     4.369000        4.336000
644     3.693000        4.255000
645     3.687000        4.086000
646     4.541000        4.131000
647     4.293000        4.318000
648     4.249000        4.460000
649     3.873000        4.402000
650     4.240000        4.372000
651     4.462000        4.091000
652     4.068000        4.235000
653     4.088000        4.192000
654     3.306000        4.317000
655     4.211000        4.294000
656     4.467000        4.222000
657     3.268000        4.568000
658     4.200000        4.522000
659     4.274000        4.500000
660     4.250000        4.473000
661     4.650000        4.395000
662     4.531000        5.551000
663     4.464000        4.936000
664     4.249000        4.375000
665     3.778000        4.600000
666     4.515000        4.464000
667     3.798000        4.594000
668     4.021000        4.438000
669     3.933000        4.506000
670     4.492000        4.723000
671     3.959000        4.631000
672     4.031000        4.548000
673     4.453000        4.472000
674     3.739000        4.831000
675     4.123000        4.736000
676     4.206000        4.789000
677     3.829000        4.674000
678     4.460000        4.720000
679     4.668000        4.640000
680     3.496000        4.724000
681     4.210000        4.563000
682     3.988000        4.700000
683     4.031000        4.852000
684     4.073000        4.694000
685     4.064000        4.629000
686     4.626000        4.625000
687     5.427000        4.880000
688     4.149000        5.005000
689     5.029000        4.709000
690     4.862000        4.705000
691     4.234000        4.695000
692     5.799000        4.942000
693     4.065000        6.263000
694     4.688000        4.756000
695     4.642000        4.691000
696     4.732000        4.778000
697     4.814000        4.884000
698     4.215000        4.871000
699     5.081000        5.299000
700     5.156000        4.884000
701     4.305000        5.009000
702     4.606000        5.115000
703     5.064000        5.197000
704     5.690000        5.441000
705     5.276000        5.811000
706     4.556000        5.517000
707     4.860000        5.437000
708     5.217000        5.625000
709     6.002000        5.521000
710     4.806000        5.435000
711     4.266000        5.188000
712     3.228000        5.512000
713     5.104000        5.061000
714     4.944000        5.331000
715     4.860000        5.001000
716     5.037000        5.016000
717     5.373000        5.280000
718     4.982000        5.195000
719     5.256000        5.092000
720     4.900000        4.968000
721     5.077000        4.976000
722     4.899000        5.036000
723     3.956000        5.009000
724     4.591000        5.072000
725     4.905000        5.007000
726     3.885000        5.025000
727     4.762000        5.039000
728     5.149000        5.083000
729     3.128000        5.070000
730     4.076000        5.076000
731     3.944000        5.099000
732     4.832000        5.129000
733     5.630000        5.908000
734     5.403000        6.491000
735     5.375000        6.047000
736     5.720000        5.956000
737     5.504000        5.475000
738     5.254000        5.750000
739     4.727000        5.810000
740     5.300000        5.462000
741     5.597000        5.794000
742     5.293000        5.343000
743     5.024000        5.392000
744     3.289000        5.551000
745     3.864000        5.507000
746     6.823000        5.612000
747     5.532000        5.445000
748     5.706000        5.541000
749     4.673000        5.594000
750     6.045000        5.940000
751     4.849000        5.595000
752     4.420000        6.180000
753     4.618000        5.609000
754     5.346000        6.704000
755     4.101000        5.842000
756     5.640000        5.562000
757     5.330000        5.911000
758     6.394000        6.465000
759     5.054000        6.012000
760     6.464000        6.116000
761     6.276000        7.023000
762     6.105000        7.011000
763     5.716000        6.992000
764     6.141000        7.180000
765     6.328000        6.495000
766     5.203000        6.661000
767     4.683000        6.168000
768     5.670000        6.264000
769     5.794000        5.965000
770     6.226000        5.906000
771     6.030000        6.424000
772     5.084000        6.690000
773     6.044000        5.946000
774     5.181000        5.884000
775     6.141000        6.062000
776     5.203000        5.875000
777     6.555000        6.604000
778     6.408000        6.219000
779     6.519000        7.276000
780     6.108000        6.901000
781     6.240000        6.243000
782     6.454000        7.487000
783     5.767000        6.994000
784     6.192000        7.616000
785     5.200000        6.150000
786     6.635000        6.081000
787     5.921000        6.823000
788     6.480000        6.173000
789     5.758000        6.653000
790     4.655000        6.343000
791     6.303000        5.958000
792     6.289000        6.152000
793     5.684000        6.012000
794     6.248000        5.992000
795     3.875000        6.004000
796     6.342000        6.114000
797     4.962000        6.054000
798     4.553000        6.067000
799     4.211000        6.085000
800     5.009000        6.103000
801     5.891000        6.612000
802     7.105000        6.739000
803     6.954000        7.135000
804     6.595000        6.429000
805     5.794000        6.604000
806     5.141000        6.671000
807     6.589000        6.892000
808     6.597000        6.531000
809     5.946000        6.534000
810     6.241000        6.935000
811     6.174000        6.617000
812     6.297000        6.527000
813     6.240000        6.626000
814     6.958000        7.221000
815     6.523000        6.966000
816     6.277000        6.946000
817     6.456000        6.739000
818     6.403000        7.266000
819     7.030000        6.842000
820     6.867000        6.625000
821     6.770000        6.884000
822     6.240000        6.878000
823     6.423000        7.007000
824     6.703000        7.409000
825     6.010000        7.020000
826     6.654000        6.937000
827     6.444000        6.831000
828     7.030000        7.569000
829     6.529000        7.092000
830     6.909000        6.813000
831     6.360000        6.814000
832     6.496000        6.893000
833     6.968000        6.797000
834     6.659000        7.121000
835     6.438000        6.959000
836     5.911000        6.830000
837     6.885000        7.027000
838     6.517000        7.631000
839     7.454000        7.700000
840     6.333000        7.344000
841     7.392000        7.446000
842     7.193000        7.965000
843     6.338000        7.224000
844     5.603000        7.231000
845     6.446000        7.220000
846     6.858000        7.056000
847     6.131000        7.351000
848     6.937000        7.336000
849     6.821000        7.104000
850     6.107000        6.954000
851     7.220000        6.916000
852     7.373000        7.199000
853     7.563000        8.817000
854     6.993000        7.683000
855     7.270000        7.369000
856     6.215000        7.742000
857     7.375000        7.329000
858     6.516000        7.250000
859     7.304000        7.892000
860     7.657000        7.526000
861     6.914000        7.390000
862     6.954000        7.346000
863     6.988000        7.141000
864     6.886000        7.254000
865     7.406000        7.141000
866     6.531000        7.213000
867     7.609000        7.157000
868     7.315000        7.438000
869     7.611000        7.357000
870     8.283000        7.689000
871     7.693000        8.234000
872     8.822000        10.332000
873     7.288000        8.642000
874     7.260000        8.262000
875     8.072000        7.645000
876     7.772000        8.478000
877     7.378000        7.925000
878     7.579000        7.531000
879     6.141000        7.547000
880     7.509000        7.625000
881     6.596000        7.719000
882     6.531000        7.657000
883     7.469000        7.657000
884     6.669000        7.674000
885     6.908000        7.703000
886     10.928000       7.840000
887     5.268000        8.018000
888     13.855000       7.996000
889     21.464000       26.257000
890     22.845000       27.081000
891     20.095000       26.907000
892     22.372000       27.122000
893     23.062000       27.208000
894     19.519000       26.811000
895     21.884000       26.924000
896     20.770000       25.840000
897     21.653000       24.933000
898     20.654000       25.771000
899     21.946000       26.308000
900     23.871000       27.224000
901     19.501000       22.158000
902     4.903000        10.310000
903     22.049000       8.432000
904     22.401000       25.782000
905     22.428000       23.129000
906     22.868000       27.523000
907     15.148000       10.874000
908     22.226000       28.047000
909     9.880000        118.038000
910     9.227000        10.841000
911     8.576000        9.907000
912     5.895000        10.095000
913     8.111000        8.584000
914     5.599000        8.416000
915     8.500000        8.545000
916     6.026000        8.254000
917     7.650000        8.464000
918     8.420000        8.320000
919     9.003000        8.873000
920     7.005000        8.551000
921     8.715000        8.499000
922     6.955000        8.495000
923     6.085000        8.688000
924     8.712000        8.538000
925     8.716000        8.320000
926     4.900000        8.611000
927     8.799000        8.647000
928     8.926000        9.197000
929     7.209000        8.389000
930     8.526000        8.248000
931     8.151000        8.645000
932     9.753000        10.723000
933     8.304000        9.858000
934     8.200000        11.014000
935     8.782000        10.021000
936     8.880000        10.443000
937     9.367000        11.161000
938     10.201000       11.510000
939     7.724000        11.462000
940     4.855000        9.703000
941     4.274000        8.475000
942     4.444000        8.773000
943     4.235000        8.687000
944     9.055000        9.170000
945     5.343000        8.529000
946     6.705000        9.843000
947     9.318000        9.477000
948     5.802000        8.889000
949     7.004000        8.850000
950     4.855000        8.900000
951     9.966000        9.711000
952     10.518000       10.864000
953     10.108000       10.591000
954     4.719000        9.554000
955     6.201000        8.820000
956     4.874000        8.844000
957     5.346000        8.798000
958     8.755000        8.811000
959     8.821000        9.676000
960     8.520000        9.560000
961     9.893000        8.955000
962     7.141000        10.726000
963     5.237000        9.779000
964     6.587000        9.082000
965     4.668000        9.239000
966     9.360000        9.169000
967     8.951000        9.399000
968     6.665000        9.866000
969     10.146000       9.403000
970     8.723000        10.524000
971     7.751000        10.017000
972     4.445000        9.177000
973     7.427000        8.996000
974     8.965000        9.017000
975     9.265000        35.809000
976     8.306000        9.705000
977     7.656000        11.637000
978     9.952000        10.255000
979     10.442000       12.153000
980     9.937000        10.486000
981     5.905000        9.581000
982     9.184000        9.829000
983     6.901000        9.457000
984     9.677000        10.431000
985     9.845000        11.935000
986     10.681000       12.043000
987     8.428000        11.579000
988     4.907000        9.812000
989     5.161000        9.726000
990     4.713000        9.635000
991     5.761000        10.177000
992     4.901000        9.687000
993     8.131000        9.674000
994     6.741000        9.644000
995     7.665000        9.658000
996     5.179000        9.680000
997     9.608000        9.825000
998     9.678000        10.920000
999     6.185000        9.482000
1000    9.692000        9.766000