59 18
59 94
12 99
45 57
82 49
5 37
25 81
32 37
18 42
68 85
59 61
61 79
78 46
45 33
77 10
57 90
22 27
56 97
64 60
55 78
37 78
18 16
5 66
87 65
68 7
40 68
43 54
57 65
77 12
90 16
71 41
34 55
64 19
93 93
87 48
11 15
97 76
9 42
48 32
51 49
44 95
95 84
40 99
50 25
32 36
48 86
64 61
69 52
73 98
13 63
2 4
83 45
19 2
93 87
53 41
79 25
0 11
10 62
56 33
31 76
17 24
13 84
63 3
15 5
34 35
93 14
6 88
48 26
21 18
11 24
3 99
29 41
19 93
21 56
53 5
97 80
35 93
38 78
23 56
3 51
25 44
92 50
13 12
61 93
24 86
31 48
96 7
33 22
17 89
83 52
33 58
56 48
22 23
66 58
54 57
38 5
0 67
99 36
57 12
78 26
81 75
4 87
79 13
69 39
6 45
81 61
86 19
19 29
14 33
31 86
7 37
95 23
69 21
58 31
49 3
69 82
10 57
11 93
48 88
46 5
2 79
86 24
51 63
74 21
11 48
25 45
22 75
59 46
14 26
36 23
85 94
40 64
61 72
55 83
15 22
22 15
17 13
95 44
11 59
50 31
81 93
61 80
83 2
57 53
45 37
57 28
40 77
39 52
17 63
97 68
40 25
61 5
63 69
96 81
4 59
47 47
88 62
15 33
94 39
23 40
76 12
75 23
44 96
23 7
93 12
20 85
67 26
31 91
16 39
32 96
81 67
8 34
97 19
46 75
72 94
26 12
82 81
91 47
4 19
51 63
3 65
33 0
21 9
74 70
21 89
39 40
42 42
50 67
38 2
42 67
47 23
16 16
38 73
72 1
12 61
97 71
26 47
35 11
8 73
77 77
16 17
10 61
67 30
28 35
72 13
17 3
4 73
81 16
86 24
72 12
40 96
2 24
74 10
83 38
53 12
30 64
46 29
61 35
56 61
43 68
96 30
37 2
8 78
49 84
1 5
35 36
12 46
52 92
91 49
57 0
61 64
98 60
48 59
31 99
90 20
63 44
36 59
26 80
69 88
22 37
19 90
98 25
65 92
39 26
53 26
28 41
86 58
56 72
28 88
53 52
95 11
35 87
18 84
69 14
84 40
11 70
80 57
21 92
53 61
63 87
36 39
57 69
98 78
49 16
24 91
82 54
84 25
11 27
64 55
73 7
66 62
98 60
88 87
19 44
45 75
26 46
48 25
95 21
83 24
32 89
39 18
95 26
85 40
53 78
36 27
67 59
74 97
43 21
12 28
1 17
26 0
47 55
29 88
19 91
75 83
98 66
40 55
64 51
39 18
58 96
21 19
7 99
15 43
76 20
54 68
98 8
62 30
76 42
84 4
96 74
24 97
18 99
97 23
48 74
72 44
5 15
7 28
72 14
83 18
70 30
79 31
67 8
71 38
46 48
83 16
51 19
64 28
33 85
77 14
63 1
26 54
40 13
81 50
31 88
17 59
72 5
24 8
51 5
51 23
88 56
31 74
64 44
42 53
27 99
12 88
87 98
87 4
19 49
97 85
75 1
73 22
99 8
83 64
23 12
48 68
46 30
97 28
6 56
22 76
23 29
98 77
49 96
29 37
39 92
74 32
25 58
91 87
82 15
90 63
75 8
92 8
6 47
15 99
42 28
16 48
53 71
35 48
40 84
7 82
4 88
28 1
53 62
55 13
55 15
7 9
94 61
97 32
90 90
87 11
23 91
88 79
23 70
83 38
5 13
89 24
25 96
43 98
58 42
37 54
58 71
96 6
52 40
22 17
62 23
43 91
26 37
78 91
42 13
6 87
51 31
94 60
86 85
68 4
96 89
21 44
76 95
51 29
18 36
11 56
63 91
17 68
54 90
50 33
33 1
28 7
4 79
24 17
81 37
17 98
80 55
75 40
33 7
34 91
80 5
88 0
36 45
72 11
64 67
76 37
22 8
46 10
48 59
62 34
75 11
71 66
46 88
15 18
56 76
68 40
54 31
29 83
39 17
4 22
72 11
49 23
9 60
14 11
29 38
72 74
43 79
7 98
57 97
74 73
54 46
13 60
74 59
90 27
93 51
9 73
17 63
7 62
71 21
25 32
8 37
71 50
31 22
71 16
30 17
98 55
2 71
25 7
39 96
43 6
4 4
79 42
63 21
39 79
88 37
4 95
47 46
21 66
27 35
40 82
41 16
84 30
21 53
92 68
99 43
44 81
80 71
42 40
31 51
18 55
51 98
1 25
58 48
67 6
28 54
23 93
88 19
45 23
3 71
38 9
99 95
30 99
69 1
90 50
65 77
62 51
89 40
42 17
81 83
73 14
70 0
95 16
30 81
7 6
83 49
47 56
70 44
19 30
25 13
15 57
36 81
41 22
73 41
78 5
43 60
48 49
28 64
95 89
45 50
84 42
1 88
7 78
4 74
12 24
83 75
37 49
1 45
6 39
48 91
28 55
64 42
50 24
55 54
65 18
42 39
31 13
6 3
70 78
51 2
94 59
45 99
48 85
12 44
56 57
33 62
10 8
21 25
88 8
6 55
76 12
12 19
92 85
54 51
85 30
12 99
31 56
56 10
69 27
8 15
41 89
53 32
7 4
50 66
87 18
50 62
96 19
44 90
54 11
40 34
70 8
22 37
5 34
35 75
18 5
53 89
28 99
8 27
35 55
6 80
54 97
22 15
65 55
45 49
27 35
69 2
39 94
31 49
78 88
74 6
48 20
72 90
61 3
73 50
42 41
6 47
8 36
39 34
15 3
84 50
30 81
84 47
6 70
51 25
0 73
75 64
80 44
41 75
4 5
61 18
8 45
89 40
55 46
53 48
82 57
20 48
67 96
70 71
85 52
15 88
30 62
44 16
61 85
31 22
1 60
95 21
13 56
52 62
14 28
59 68
66 39
66 52
26 81
19 24
54 34
51 19
80 80
97 42
74 19
71 14
48 81
36 33
1 98
14 41
21 2
58 11
99 78
62 40
7 89
98 66
91 70
38 64
42 36
87 71
69 57
8 84
53 28
55 34
16 31
56 38
60 72
25 43
77 74
71 79
94 58
12 3
7 58
53 26
60 1
13 70
25 20
87 2
8 53
29 87
3 51
78 35
99 61
45 6
32 94
14 1
56 80
76 17
42 28
91 74
90 89
77 55
90 92
40 95
22 56
41 64
0 57
39 51
50 51
73 56
61 76
34 31
71 5
79 35
39 49
73 35
40 74
88 86
39 29
22 51
17 60
84 13
17 87
56 23
81 72
42 24
22 94
0 88
72 27
80 66
4 56
79 65
66 46
0 36
86 59
13 91
30 75
22 31
60 11
36 93
4 41
88 86
77 61
3 89
40 67
84 93
44 27
76 84
4 82
69 52
74 9
18 90
86 95
30 57
67 74
76 24
15 30
58 66
84 89
28 8
1 98
66 76
95 4
24 69
42 13
63 31
43 12
33 92
51 1
53 43
8 87
31 76
58 94
4 96
69 61
15 19
37 41
11 91
30 68
9 95
17 25
20 44
70 73
41 98
47 28
78 86
21 0
14 38
30 15
20 21
23 35
59 21
70 43
43 23
83 35
68 98
79 20
55 7
25 57
87 3
41 66
34 93
8 95
60 25
69 19
71 33
33 29
48 7
46 2
93 35
23 93
36 43
97 24
54 84
81 79
71 35
48 53
57 48
3 97
98 17
37 91
36 30
57 40
31 32
88 36
34 36
18 97
66 85
52 42
13 48
78 82
80 11
2 19
22 83
41 30
44 51
72 67
93 58
14 64
8 48
4 47
45 44
33 9
73 80
42 9
2 50
85 45
66 14
86 9
45 7
86 22
73 30
32 71
66 44
56 65
7 68
82 28
47 57
34 23
27 9
49 72
94 54
4 53
66 52
96 58
83 39
2 69
18 14
87 46
52 21
71 14
42 95
94 86
67 19
51 72
52 15
36 34
44 1
37 30
76 97
76 21
36 12
21 6
66 28
27 53
54 36
7 17
92 33
28 55
6 16
82 92
69 2
15 84
37 42
50 96
83 14
58 1
7 69
39 70
98 23
19 9
18 81
16 48
19 78
52 49
40 14
21 54
54 35
45 99
76 77
77 46
96 62
82 28
77 62
16 1
86 11
51 83
93 92
46 20
79 55
86 37
52 88
63 36
38 77
4 72
31 47
49 46
50 66
44 12
97 59
81 79
57 37
23 62
74 86
77 81
54 15
30 11
30 63
99 80
10 80
19 22
46 39
29 26
38 72
52 53
28 5
92 80
95 67
83 25
58 86
58 82
77 75
0 79
8 70
59 35
85 96
94 79
78 85
15 23
8 95
63 73
6 87
74 55
77 0
67 95
88 32
67 13
47 5
96 69
87 21
98 21
68 38
57 37
19 61
34 45
67 72
83 75
2 5
20 57
3 61
19 57
10 5
14 64
45 47
99 64
50 5
40 90
87 77
76 98
4 56
14 99
43 5
33 50
68 40
16 42
96 72
71 11
12 32
77 28
82 65
3 33
79 89
41 33
61 82
76 27
42 69
15 67
26 57
22 79
93 79
88 2
5 48
3 45
23 53
66 5
24 49
22 32
34 53
89 11
98 15
91 3
80 13
29 63
25 16
32 58
73 26
86 1
33 97
76 67
47 17
87 27
27 25
18 33
16 53
4 57
67 34
74 28
43 7
12 72
79 71
1 7
80 58
0 3
77 92
32 36
91 19
82 97
72 73
33 0
1 26
6 0
60 91
30 88
27 19
57 82
77 33
11 97
56 34
81 75
89 0
32 33
76 31
58 56
31 3
26 12
36 83
48 47
88 33
37 25
71 97
50 21
6 10
0 18
24 22
12 58
80 13
17 59
25 6
50 48
31 89
72 38
9 16
44 37
60 36
33 96
51 62
12 80
36 74
47 48
6 39
47 92
50 24
45 31
3 39
32 85
61 98
97 99
86 30
79 45
4 68
96 84
89 49
0 93
35 54
84 52
2 72
97 21
25 48
22 60
49 70
7 51
28 91
36 0
33 4
2 84
7 29
60 20
74 6
96 94
56 77
59 78
89 29
14 60
18 97
35 69
44 51
7 98
33 27
81 4
30 98
91 38
13 12
35 23
45 90
54 52
47 64
68 97
79 54
42 95
72 12
23 37
8 15
36 81
35 54
0 90
62 49
64 59
23 5
51 66
3 36
56 42
75 30
55 35
27 44
61 76
81 28
72 65
68 1
26 25
83 20
13 57
20 40
27 35
29 54
19 10
67 60
20 42
69 51
48 98
98 2
51 64
65 41
85 37
61 30
10 94
81 34
24 26
5 95
30 25
14 73
99 64
91 87
25 98
80 67
23 83
91 77
21 15
37 43
78 25
26 33
18 52
92 63
13 69
89 23
80 90
51 65
99 95
71 20
86 28
17 11
4 74
87 95
13 97
33 87
51 56
16 18
79 34
5 40
85 78
51 71
53 62
3 99
11 22
44 7
49 82
44 78
35 6
34 98
36 5
76 20
88 40
86 41
57 78
63 88
50 32
16 67
56 77
27 2
7 48
54 77
93 52
84 57
37 37
59 2
99 44
50 51
85 75
33 35
81 58
67 63
41 33
43 20
31 71
98 98
11 98
52 64
62 64
85 98
16 37
59 33
40 54
97 51
90 78
65 75
9 19
76 77
7 95
69 76
49 51
21 3
27 84
63 23
0 12
85 15
26 7
41 33
65 11
46 52
99 89
57 17
35 41
7 75
6 59
38 1
51 31
88 66
76 70
86 11
47 98
9 16
37 91
17 54
44 59
20 46
57 31
97 62
82 76
68 96
52 17
65 35
3 21
82 58
24 39
94 34
11 56
48 67
35 93
45 90
15 14
97 90
22 14
79 21
9 75
86 4
71 12
42 29
78 6
12 83
60 28
35 11
0 23
71 66
54 32
15 51
13 95
81 31
71 68
68 50
38 63
85 27
5 42
34 79
8 6
9 38
17 30
28 2
19 74
85 5
12 86
99 20
37 23
65 49
65 78
43 17
24 69
79 22
13 93
81 61
29 44
94 82
41 51
37 84
38 91
76 70
8 45
38 30
57 22
33 17
74 80
13 67
55 18
65 5
35 66
26 28
42 81
14 67
2 23
96 4
94 84
60 43
22 58
16 56
4 88
92 34
56 30
73 59
82 45
42 54
26 89
94 11
41 46
6 42
10 64
14 62
92 6
43 31
18 93
56 50
42 52
43 96
18 3
17 62
59 21
24 11
92 2
9 18
28 69
98 50
63 72
78 31
30 13
86 75
44 1
22 45
35 80
73 28
43 64
81 55
38 81
51 75
52 68
6 38
29 54
41 27
8 9
73 30
78 25
75 38
60 92
88 15
47 78
31 13
5 62
79 62
65 38
92 79
78 41
29 2
10 75
8 42
69 45
70 91
67 6
90 80
10 24
31 18
38 83
52 31
55 30
92 55
25 68
67 9
55 87
91 86
62 39
34 85
26 44
3 55
28 83
31 57
54 42
6 18
69 43
65 58
93 91
51 15
30 87
23 24
13 63
20 15
80 57
76 83
35 56
20 77
59 25
88 86
68 14
71 26
66 33
90 63
35 56
17 33
96 15
96 65
73 13
75 52
22 78
45 81
4 48
74 21
91 68
12 78
8 92
62 30
54 7
66 77
49 16
1 50
68 35
16 78
31 96
97 9
47 86
14 93
25 75
25 64
16 52
41 73
15 47
20 98
90 15
30 93
47 88
81 44
56 76
65 98
36 98
29 42
79 68
78 26
70 78
76 60
30 85
40 72
11 72
93 43
32 82
69 30
61 40
13 45
6 98
19 25
50 85
92 20
38 18
90 49
91 85
0 44
93 14
96 2
66 80
72 52
34 32
32 4
4 92
26 57
24 65
47 52
87 14
13 54
80 94
26 20
28 12
80 25
97 20
85 23
34 32
86 61
82 61
58 91
34 20
24 98
88 77
36 98
73 25
57 69
93 61
85 1
66 22
73 93
98 23
13 52
85 51
6 83
66 0
76 64
64 47
14 62
68 69
35 15
86 13
0 0
29 19
92 76
7 40
43 15
88 11
38 4
1 40
77 9
37 87
37 22
87 58
49 88
74 19
48 80
16 60
89 91
41 4
62 59
32 71
93 3
55 76
8 51
52 22
50 75
10 92
87 25
77 18
20 29
77 1
38 32
41 32
81 2
43 24
68 24
78 41
35 14
20 46
32 66
85 42
86 93
39 88
91 98
92 44
24 80
45 60
90 3
84 18
3 38
20 86
5 11
23 62
23 83
69 84
42 12
32 64
17 24
71 23
75 56
70 47
36 81
50 47
47 89
17 90
96 10
21 71
26 46
1 4
14 22
24 27
25 81
73 4
50 71
54 40
55 79
1 18
1 85
60 16
78 15
60 44
67 78
92 63
43 27
55 17
11 24
67 79
93 29
72 34
34 83
36 29
2 8
56 36
39 54
75 53
39 32
53 91
37 15
15 46
23 6
17 75
83 24
16 12
51 69
41 9
56 83
29 72
49 10
86 34
13 98
63 19
13 85
80 64
30 0
0 75
59 65
94 36
85 70
85 69
27 80
4 6
13 79
77 62
80 81
29 96
56 37
88 42
4 49
77 20
45 29
25 76
66 50
16 12
67 87
60 68
69 35
41 89
40 51
93 59
42 81
0 30
79 2
82 54
9 28
28 61
23 71
1 11
16 64
90 69
93 78
84 87
88 97
8 6
82 96
51 58
67 63
35 91
63 1
10 23
84 82
33 47
43 44
36 45
43 76
8 58
0 27
73 83
80 62
81 93
22 49
92 29
84 38
82 61
99 90
30 20
4 8
41 92
62 11
6 78
65 12
10 50
0 59
3 44
38 54
17 5
85 30
93 70
41 19
37 2
84 34
7 86
38 57
14 94
7 41
15 50
62 99
16 38
76 45
18 29
74 90
18 20
39 68
24 90
13 41
16 99
26 44
34 33
46 77
1 71
47 88
71 32
35 50
35 98
53 69
30 36
59 17
41 96
87 34
59 65
97 36
48 24
32 40
1 9
74 13
31 29
25 47
46 38
12 47
17 30
30 91
47 95
54 39
23 50
78 80
0 7
48 64
75 32
58 59
70 62
33 0
47 24
26 91
8 46
76 97
99 13
48 84
41 75
78 61
15 17
63 35
53 63
11 14
94 5
97 76
96 47
85 74
8 70
74 70
29 73
0 36
34 56
87 99
88 48
40 46
52 19
7 42
53 87
90 69
46 1
17 47
34 22
19 28
60 29
0 50
9 74
51 61
20 48
66 64
92 90
7 50
84 94
77 17
31 65
12 73
89 41
58 77
74 45
46 49
26 23
9 7
48 71
82 31
75 63
49 20
26 44
4 29
78 40
82 61
25 90
25 31
65 93
2 40
71 45
35 57
45 18
16 92
15 58
8 98
29 33
38 18
92 27
79 96
82 35
6 13
66 89
75 46
28 13
72 99
9 57
81 97
7 39
6 1
72 64
98 11
64 8
6 55
59 88
35 95
23 79
72 93
18 28
23 78
20 12
98 51
8 83
33 39
19 97
74 46
53 53
80 45
42 90
76 37
96 49
36 60
19 94
45 1
77 5
28 52
92 51
16 46
84 61
98 90
65 22
89 80
84 65
5 72
77 69
65 86
2 66
36 61
61 18
96 46
7 94
36 19
48 47
40 75
21 68
77 7
17 64
91 2
31 68
81 93
28 19
44 97
44 1
44 21
30 81
6 15
4 33
83 91
39 1
51 6
3 48
26 52
59 92
31 88
53 5
42 98
39 68
15 15
20 16
95 32
48 25
26 9
93 99
30 12
35 4
11 24
75 85
88 76
92 62
65 26
9 22
9 46
34 2
90 91
61 12
47 75
92 51
17 70
0 71
65 51
51 95
52 52
19 27
36 59
98 18
91 85
93 33
65 18
57 52
58 25
94 25
16 29
54 78
47 56
18 35
95 3
87 37
14 63
12 65
29 46
10 88
78 40
