ItC	Msort	Qsort
1	0	0
2	0	0
3	0	0
4	0	0
5	0	0
6	0	0
7	0	0
8	0	0
9	0	0
10	0	0
11	0	0
12	0.008	0
13	0	0
14	0	0
15	0	0
16	0	0
17	0	0
18	0	0
19	0	0
20	0	0
21	0	0
22	0	0
23	0	0
24	0.008	0
25	0	0
26	0	0
27	0	0
28	0	0
29	0	0
30	0	0
31	0	0
32	0	0
33	0	0
34	0	0
35	0	0.008
36	0	0
37	0	0
38	0	0
39	0	0
40	0.008	0
41	0	0
42	0	0
43	0	0
44	0	0
45	0	0
46	0	0
47	0	0
48	0	0
49	0	0
50	0	0
51	0	0
52	0.008	0
53	0	0
54	0	0
55	0	0
56	0	0.008
57	0	0
58	0	0
59	0	0
60	0	0
61	0	0
62	0	0.008
63	0.008	0
64	0	0
65	0	0
66	0	0
67	0	0
68	0	0
69	0	0
70	0	0
71	0	0
72	0	0
73	0	0
74	0	0
75	0	0
76	0	0.008
77	0	0.008
78	0	0
79	0.008	0
80	0	0
81	0	0.024
82	0	0
83	0	0
84	0.008	0
85	0.008	0
86	0	0
87	0.008	0
88	0	0
89	0	0
90	0	0
91	0	0
92	0.008	0
93	0	0.008
94	0.008	0
95	0.008	0
96	0	0
97	0	0
98	0	0
99	0	0.008
100	0	0
101	0	0
102	0	0
103	0	0.008
104	0.008	0
105	0	0
106	0	0.008
107	0	0
108	0	0
109	0	0
110	0.008	0
111	0	0
112	0	0
113	0	0.008
114	0	0
115	0	0.008
116	0	0
117	0	0
118	0.008	0
119	0	0
120	0	0.008
121	0	0
122	0	0.008
123	0	0
124	0.008	0
125	0	0
126	0.008	0
127	0	0
128	0.008	0
129	0.008	0
130	0	0.008
131	0	0.008
132	0.008	0
133	0.008	0
134	0	0.008
135	0.008	0
136	0	0.008
137	0	0
138	0	0.008
139	0	0.008
140	0.008	0
141	0	0.008
142	0.008	0
143	0	0.008
144	0	0.008
145	0	0
146	0	0
147	0.008	0
148	0.008	0
149	0.004	0.001
150	0.008	0
151	0.006	0.006
152	0	0
153	0.004	0
154	0.002	0
155	0	0.008
156	0.009	0
157	0.008	0
158	0	0
159	0	0
160	0.008	0
161	0.008	0
162	0.008	0
163	0.008	0
164	0.008	0
165	0	0.008
166	0	0.008
167	0	0.006
168	0	0.005
169	0.003	0
170	0	0.008
171	0	0.008
172	0.001	0.005
173	0	0.008
174	0	0
175	0	0.005
176	0	0.008
177	0.008	0
178	0.008	0
179	0	0.008
180	0	0.008
181	0.008	0
182	0.008	0
183	0.008	0
184	0.008	0
185	0.008	0
186	0.008	0
187	0	0.008
188	0.008	0
189	0	0
190	0.008	0
191	0	0.008
192	0	0.008
193	0	0.008
194	0.008	0
195	0.008	0
196	0.008	0
197	0.008	0
198	0.008	0
199	0.008	0
200	0	0.008
201	0	0.008
202	0	0.008
203	0	0.008
204	0.016	0
205	0.008	0
206	0.008	0
207	0	0
208	0.008	0
209	0.008	0
210	0	0
211	0	0
212	0	0
213	0.008	0
214	0.008	0
215	0.008	0
216	0	0.008
217	0	0.008
218	0.008	0
219	0.008	0
220	0	0.008
221	0	0.008
222	0.008	0
223	0.008	0
224	0	0.008
225	0	0.008
226	0.008	0
227	0	0.008
228	0	0.008
229	0.008	0
230	0.008	0
231	0.008	0
232	0.008	0
233	0	0.008
234	0	0
235	0.008	0
236	0.016	0
237	0.024	0
238	0.016	0.016
239	0.008	0.008
240	0.008	0
241	0.008	0.008
242	0.008	0.008
243	0.008	0.016
244	0.008	0.008
245	0.008	0.008
246	0.008	0
247	0	0.008
248	0	0.008
249	0.005	0.003
250	0.007	0
251	0.007	0
252	0.008	0
253	0	0.008
254	0	0.008
255	0	0.008
256	0	0.008
257	0.008	0
258	0.008	0
259	0.008	0
260	0.008	0
261	0.008	0
262	0.008	0
263	0	0.008
264	0.008	0
265	0.008	0
266	0.008	0.008
267	0	0.008
268	0	0.008
269	0	0.008
270	0	0.008
271	0.008	0
272	0	0.008
273	0	0
274	0	0.008
275	0.008	0
276	0.008	0
277	0.008	0.008
278	0.008	0
279	0.008	0
280	0	0.009
281	0	0.008
282	0.008	0
283	0.008	0
284	0.008	0
285	0.008	0.008
286	0.008	0
287	0.008	0.008
288	0	0.008
289	0.008	0.008
290	0.008	0
291	0.008	0
292	0.008	0.008
293	0.008	0.008
294	0.008	0.008
295	0	0.008
296	0.008	0
297	0.008	0.008
298	0.008	0.008
299	0.008	0.008
300	0.008	0.008
301	0	0.008
302	0.008	0.008
303	0.008	0
304	0.008	0.008
305	0.008	0.008
306	0.008	0
307	0.008	0
308	0	0.008
309	0.008	0.008
310	0	0.008
311	0.008	0
312	0.008	0.008
313	0.008	0
314	0	0.008
315	0.008	0
316	0	0
317	0.008	0
318	0.008	0
319	0	0.008
320	0.008	0
321	0.04	0.008
322	0.008	0.008
323	0.008	0.008
324	0.008	0.008
325	0.008	0
326	0.008	0
327	0	0.008
328	0	0.008
329	0.008	0.008
330	0.008	0.008
331	0.008	0.008
332	0.008	0
333	0.008	0.008
334	0.008	0
335	0.008	0
336	0.008	0
337	0.008	0.008
338	0.008	0.008
339	0.008	0
340	0.008	0.008
341	0	0.008
342	0	0.008
343	0	0.008
344	0.008	0.008
345	0.008	0
346	0.008	0.008
347	0.008	0.008
348	0.008	0
349	0	0.008
350	0.008	0.008
351	0.008	0.008
352	0	0.008
353	0.008	0.008
354	0.008	0.008
355	0.008	0
356	0.008	0.008
357	0.008	0
358	0	0.008
359	0.008	0.008
360	0	0.008
361	0	0.008
362	0.008	0.008
363	0.008	0
364	0.008	0
365	0.008	0
366	0.008	0.008
367	0.008	0
368	0.008	0
369	0.008	0
370	0.008	0.008
371	0.008	0
372	0.008	0.008
373	0.008	0
374	0.008	0
375	0.008	0.008
376	0.008	0.008
377	0.008	0.008
378	0.008	0.008
379	0	0.008
380	0.008	0
381	0.008	0
382	0	0.008
383	0.008	0.008
384	0.008	0.008
385	0.008	0.008
386	0.008	0
387	0.008	0
388	0.008	0.008
389	0.008	0
390	0.008	0
391	0.008	0
392	0.008	0
393	0	0.008
394	0.008	0.008
395	0.008	0.008
396	0.008	0.008
397	0.008	0.008
398	0.008	0.008
399	0.008	0
400	0.008	0.008
401	0.008	0.008
402	0.008	0
403	0.008	0.008
404	0.008	0
405	0.008	0.008
406	0.008	0.008
407	0.008	0.008
408	0.008	0
409	0.008	0.008
410	0.008	0
411	0.008	0.008
412	0.008	0.008
413	0.008	0
414	0.008	0.008
415	0.008	0
416	0.008	0.008
417	0.008	0
418	0.008	0.008
419	0.008	0.008
420	0.008	0
421	0.008	0.008
422	0.008	0.008
423	0.008	0.008
424	0.008	0.008
425	0.008	0.008
426	0.008	0
427	0.008	0.008
428	0.009	0
429	0.016	0
430	0.016	0
431	0.008	0.008
432	0.008	0
433	0.008	0
434	0.008	0.008
435	0.008	0.008
436	0.008	0
437	0.008	0
438	0.008	0.008
439	0.008	0.008
440	0.008	0
441	0.008	0.008
442	0.008	0.009
443	0.008	0.008
444	0.008	0
445	0.008	0
446	0.008	0.008
447	0.009	0
448	0.016	0
449	0.008	0.008
450	0.008	0.008
451	0.008	0.008
452	0.008	0.008
453	0.008	0.008
454	0.016	0.008
455	0.008	0.008
456	0.007	0
457	0.008	0.008
458	0.008	0.008
459	0.008	0.008
460	0	0.008
461	0.008	0.008
462	0.008	0
463	0.016	0
464	0.008	0.008
465	0	0.008
466	0.008	0.008
467	0.008	0
468	0.008	0.008
469	0.008	0.008
470	0.008	0.008
471	0.008	0.008
472	0.008	0.008
473	0.008	0
474	0.008	0.008
475	0.008	0.008
476	0.008	0
477	0.008	0.008
478	0.008	0.008
479	0.008	0.008
480	0.008	0.008
481	0.016	0
482	0.008	0.008
483	0.016	0.008
484	0	0.008
485	0.008	0.008
486	0.008	0.008
487	0.008	0.008
488	0.008	0.008
489	0.008	0.008
490	0.008	0.008
491	0.008	0
492	0.016	0.008
493	0.008	0
494	0.008	0.008
495	0.008	0.009
496	0.008	0.008
497	0.008	0.008
498	0.008	0.008
499	0.008	0.008
500	0.008	0.008
501	0.008	0.008
502	0.008	0.008
503	0.016	0.008
504	0.008	0.008
505	0.008	0.008
506	0.008	0.008
507	0.007	0.008
508	0.008	0.008
509	0.008	0.008
510	0.008	0.008
511	0.008	0.008
512	0.008	0.008
513	0.008	0.008
514	0.008	0.008
515	0.016	0.008
516	0.008	0.008
517	0.008	0.008
518	0.008	0.008
519	0.016	0.008
520	0	0.008
521	0.008	0.008
522	0.016	0.008
523	0.008	0.008
524	0.008	0.008
525	0.016	0.008
526	0.016	0.008
527	0.016	0.008
528	0.008	0.008
529	0.016	0.008
530	0.009	0.008
531	0.016	0.008
532	0.008	0.008
533	0.008	0.008
534	0.008	0
535	0.016	0
536	0.008	0.008
537	0.008	0.008
538	0.008	0.008
539	0.008	0.008
540	0.008	0.008
541	0.008	0.008
542	0.008	0.008
543	0.009	0.008
544	0.008	0.007
545	0.007	0.009
546	0.015	0.009
547	0.009	0.007
548	0.017	0.007
549	0.007	0.009
550	0.008	0.008
551	0.008	0.008
552	0.016	0.009
553	0.01	0
554	0.008	0.008
555	0.008	0.008
556	0.008	0.008
557	0.008	0.008
558	0.016	0.008
559	0.008	0.008
560	0.016	0.008
561	0.008	0.008
562	0.016	0
563	0.016	0.008
564	0.008	0.008
565	0.008	0.008
566	0.008	0.008
567	0.008	0.008
568	0.008	0.008
569	0.016	0.008
570	0.016	0.008
571	0.008	0.016
572	0.008	0
573	0.008	0.008
574	0.008	0.008
575	0.016	0.008
576	0.008	0.008
577	0.008	0.008
578	0.008	0.008
579	0.008	0.008
580	0.016	0.008
581	0.008	0.008
582	0.008	0.008
583	0.04	0.008
584	0.008	0.008
585	0.008	0.008
586	0.016	0.008
587	0.016	0.008
588	0.008	0.008
589	0.008	0.008
590	0.008	0.016
591	0.008	0.008
592	0.008	0.008
593	0.008	0.008
594	0.008	0.016
595	0.016	0.008
596	0.008	0.008
597	0.008	0.008
598	0.008	0.008
599	0.008	0.008
600	0.016	0.015
601	0.017	0.012
602	0.016	0.008
603	0.008	0.016
604	0.016	0.008
605	0.016	0.008
606	0.016	0.008
607	0.016	0.008
608	0.016	0.008
609	0.008	0.016
610	0.016	0.008
611	0.016	0.008
612	0.008	0.016
613	0.008	0.016
614	0.008	0.016
615	0.016	0.008
616	0.016	0.008
617	0.016	0.008
618	0.016	0.008
619	0.008	0.016
620	0.016	0.008
621	0.008	0.016
622	0.016	0.008
623	0.016	0.008
624	0.016	0.008
625	0.016	0.008
626	0.016	0.008
627	0.016	0.008
628	0.008	0.016
629	0.008	0.008
630	0.016	0.008
631	0.008	0.008
632	0.008	0.008
633	0.008	0.008
634	0.008	0.008
635	0.016	0.008
636	0.016	0.008
637	0.017	0.007
638	0.008	0.008
639	0.016	0.008
640	0.016	0.008
641	0.008	0.008
642	0.016	0.008
643	0.016	0.008
644	0.008	0.009
645	0.008	0.016
646	0.016	0.008
647	0.008	0.008
648	0.008	0.008
649	0.008	0.008
650	0.016	0.008
651	0.008	0.008
652	0.016	0.008
653	0.016	0.008
654	0.008	0.016
655	0.008	0.008
656	0.016	0.008
657	0.016	0.008
658	0.016	0.008
659	0.016	0.008
660	0.016	0.008
661	0.016	0.008
662	0.016	0.008
663	0.008	0.008
664	0.008	0.008
665	0.008	0.008
666	0.016	0.008
667	0.017	0.007
668	0.008	0.016
669	0.008	0.008
670	0.016	0.008
671	0.008	0.016
672	0.016	0.008
673	0.016	0.008
674	0.016	0.016
675	0.016	0.008
676	0.008	0.016
677	0.017	0.008
678	0.016	0.007
679	0.015	0.009
680	0.008	0.008
681	0.018	0.015
682	0.016	0.008
683	0.016	0.008
684	0.016	0.008
685	0.008	0.016
686	0.017	0.008
687	0.008	0.008
688	0.016	0.008
689	0.016	0.008
690	0.008	0.008
691	0.016	0.008
692	0.016	0.008
693	0.016	0.008
694	0.016	0.008
695	0.008	0.016
696	0.016	0.008
697	0.016	0.008
698	0.008	0.008
699	0.008	0.008
700	0.016	0.008
701	0.008	0.016
702	0.016	0.008
703	0.008	0.016
704	0.016	0
705	0.008	0.016
706	0.016	0.008
707	0.016	0.008
708	0.017	0.008
709	0.017	0.007
710	0.008	0.008
711	0.016	0.008
712	0.008	0.016
713	0.008	0.016
714	0.016	0.008
715	0.016	0.016
716	0.016	0.008
717	0.016	0.006
718	0.016	0.008
719	0.008	0.01
720	0.016	0.008
721	0.016	0.008
722	0.008	0.016
723	0.016	0.008
724	0.017	0.007
725	0.016	0.008
726	0.016	0.008
727	0.016	0.008
728	0.016	0.008
729	0.016	0.008
730	0.008	0.008
731	0.008	0.008
732	0.016	0.008
733	0.016	0.009
734	0.016	0.008
735	0.017	0.016
736	0.016	0.009
737	0.016	0.016
738	0.016	0.008
739	0.016	0.016
740	0.016	0.008
741	0.016	0.008
742	0.016	0.016
743	0.008	0.016
744	0.016	0.008
745	0.013	0.011
746	0.015	0.016
747	0.016	0.008
748	0.017	0.015
749	0.016	0.008
750	0.016	0.016
751	0.016	0.008
752	0.017	0.007
753	0.016	0.008
754	0.016	0.016
755	0.016	0.016
756	0.016	0.008
757	0.016	0.008
758	0.016	0.016
759	0.016	0.011
760	0.016	0.008
761	0.016	0.008
762	0.016	0.016
763	0.016	0.016
764	0.016	0.008
765	0.016	0.016
766	0.016	0.008
767	0.016	0.013
768	0.008	0.008
769	0.016	0.008
770	0.024	0.008
771	0.016	0.008
772	0.016	0.008
773	0.017	0.015
774	0.016	0.008
775	0.024	0.016
776	0.016	0.008
777	0.016	0.008
778	0.016	0.016
779	0.016	0.008
780	0.008	0.016
781	0.008	0.016
782	0.008	0.016
783	0.024	0.008
784	0.016	0.016
785	0.024	0.008
786	0.008	0.008
787	0.016	0.008
788	0.016	0.016
789	0.016	0.008
790	0.016	0.016
791	0.008	0.016
792	0.016	0.008
793	0.016	0.008
794	0.008	0.008
795	0.008	0.016
796	0.016	0.008
797	0.016	0.008
798	0.016	0.008
799	0.024	0.008
800	0.016	0.016
801	0.016	0.008
802	0.016	0.008
803	0.008	0.009
804	0.008	0.017
805	0.015	0.016
806	0.023	0.008
807	0.016	0.008
808	0.016	0.008
809	0.016	0.008
810	0.016	0.008
811	0.016	0.008
812	0.008	0.016
813	0.024	0.016
814	0.024	0.008
815	0.008	0.008
816	0.024	0.008
817	0.016	0.008
818	0.016	0.008
819	0.016	0.008
820	0.016	0.009
821	0.04	0.008
822	0.024	0.008
823	0.008	0.008
824	0.016	0.016
825	0.016	0.009
826	0.008	0.016
827	0.016	0.016
828	0.024	0.008
829	0.016	0.016
830	0.016	0.016
831	0.008	0.016
832	0.024	0.008
833	0.024	0.008
834	0.016	0.016
835	0.016	0.016
836	0.016	0.008
837	0.016	0.016
838	0.008	0.008
839	0.024	0.008
840	0.024	0.016
841	0.016	0.016
842	0.016	0.016
843	0.016	0.008
844	0.016	0.008
845	0.016	0.016
846	0.016	0.016
847	0.024	0.008
848	0.016	0.008
849	0.016	0.016
850	0.016	0.008
851	0.024	0.008
852	0.017	0.016
853	0.016	0.016
854	0.016	0.016
855	0.016	0.016
856	0.016	0.008
857	0.016	0.016
858	0.008	0.016
859	0.016	0.016
860	0.017	0.007
861	0.016	0.008
862	0.017	0.007
863	0.024	0.008
864	0.017	0.016
865	0.016	0.008
866	0.023	0.008
867	0.016	0.016
868	0.008	0.016
869	0.016	0.016
870	0.024	0.008
871	0.016	0.016
872	0.016	0.008
873	0.016	0.008
874	0.016	0.016
875	0.024	0.009
876	0.016	0.008
877	0.016	0.016
878	0.017	0.008
879	0.024	0.008
880	0.024	0.008
881	0.016	0.016
882	0.016	0.008
883	0.016	0.008
884	0.016	0.008
885	0.016	0.016
886	0.016	0.016
887	0.016	0.016
888	0.017	0.016
889	0.016	0.016
890	0.016	0.008
891	0.024	0.017
892	0.024	0.016
893	0.016	0.016
894	0.016	0.016
895	0.016	0.008
896	0.016	0.008
897	0.016	0.008
898	0.016	0.016
899	0.016	0.016
900	0.016	0.016
901	0.016	0.016
902	0.016	0.016
903	0.016	0.016
904	0.016	0.008
905	0.016	0.017
906	0.016	0.016
907	0.016	0.016
908	0.016	0.016
909	0.016	0.016
910	0.016	0.016
911	0.016	0.016
912	0.016	0.016
913	0.016	0.016
914	0.008	0.016
915	0.016	0.016
916	0.016	0.017
917	0.016	0.016
918	0.016	0.016
919	0.016	0.016
920	0.016	0.016
921	0.016	0.016
922	0.016	0.016
923	0.016	0.016
924	0.016	0.016
925	0.016	0.016
926	0.024	0.016
927	0.024	0.008
928	0.024	0.008
929	0.016	0.016
930	0.016	0.016
931	0.016	0.016
932	0.016	0.016
933	0.016	0.016
934	0.008	0.009
935	0.016	0.016
936	0.024	0.008
937	0.016	0.016
938	0.024	0.008
939	0.016	0.016
940	0.016	0.016
941	0.016	0.008
942	0.024	0.008
943	0.024	0.008
944	0.016	0.008
945	0.016	0.016
946	0.024	0.008
947	0.024	0.008
948	0.031	0.016
949	0.016	0.016
950	0.024	0.016
951	0.016	0.008
952	0.024	0.016
953	0.016	0.016
954	0.016	0.016
955	0.016	0.018
956	0.016	0.016
957	0.016	0.016
958	0.016	0.008
959	0.024	0.016
960	0.016	0.016
961	0.016	0.016
962	0.016	0.016
963	0.016	0.016
964	0.024	0.008
965	0.016	0.016
966	0.017	0.016
967	0.016	0.016
968	0.016	0.008
969	0.024	0.016
970	0.017	0.016
971	0.016	0.016
972	0.024	0.016
973	0.016	0.016
974	0.025	0.008
975	0.008	0.016
976	0.016	0.016
977	0.024	0.008
978	0.024	0.008
979	0.016	0.016
980	0.016	0.016
981	0.016	0.016
982	0.017	0.016
983	0.016	0.016
984	0.016	0.016
985	0.016	0.016
986	0.025	0.016
987	0.016	0.016
988	0.016	0.016
989	0.025	0.008
990	0.016	0.008
991	0.023	0.017
992	0.024	0.016
993	0.023	0.008
994	0.024	0.008
995	0.016	0.008
996	0.024	0.008
997	0.016	0.008
998	0.016	0.016
999	0.024	0.016
1000	0.024	0.016
